日期,开盘价,收盘价,最高价,最低价,成交量,成交额,振幅,换手率(%)
2011-04-26,32.00,30.24,32.20,30.20,33908,1.05亿,-,21.19
2011-04-27,29.78,28.97,29.80,28.85,16198,4723万,3.14%,10.12
2011-04-28,29.06,28.30,29.25,28.20,8702,2488万,3.62%,5.44
2011-04-29,28.30,28.48,28.70,28.20,3687,1050万,1.77%,2.3
2011-05-03,28.67,28.60,28.68,28.24,2952,841万,1.54%,1.84
2011-05-04,28.59,28.11,28.59,27.98,5060,1425万,2.13%,3.16
2011-05-05,28.12,28.10,28.34,28.10,3122,880万,0.85%,1.95
2011-05-06,28.09,27.88,28.09,27.70,3685,1025万,1.39%,2.3
2011-05-09,27.88,27.98,28.38,27.88,3001,843万,1.79%,1.88
2011-05-10,28.03,28.08,28.18,27.96,2242,629万,0.79%,1.4
2011-05-11,28.20,28.13,28.30,27.96,3002,844万,1.21%,1.88
2011-05-12,28.05,27.91,28.25,27.90,2643,742万,1.24%,1.65
2011-05-13,27.91,28.39,28.39,27.81,2905,817万,2.08%,1.82
2011-05-16,28.32,28.57,28.89,28.12,4480,1285万,2.71%,2.8
2011-05-17,28.52,28.60,28.72,28.22,2151,613万,1.75%,1.34
2011-05-18,28.75,28.27,28.75,28.23,2337,663万,1.82%,1.46
2011-05-19,28.28,28.00,28.44,28.00,2439,688万,1.56%,1.52
2011-05-20,27.93,27.98,28.12,27.90,1662,465万,0.79%,1.04
2011-05-23,27.78,26.85,28.04,26.85,3306,906万,4.25%,2.07
2011-05-24,27.04,27.14,27.40,26.61,2185,590万,2.94%,1.37
2011-05-25,27.08,26.54,27.16,26.50,1833,491万,2.43%,1.15
2011-05-26,26.69,26.25,26.96,26.20,1164,308万,2.86%,0.73
2011-05-27,26.16,25.77,26.47,25.63,1946,506万,3.20%,1.22
2011-05-30,25.70,25.79,26.29,25.52,1843,478万,2.99%,1.15
2011-05-31,25.85,26.11,26.17,25.82,1126,293万,1.36%,0.7
2011-06-01,26.13,26.10,26.20,26.06,1286,336万,0.54%,0.8
2011-06-02,25.80,25.43,25.93,25.32,1736,444万,2.34%,1.09
2011-06-03,25.37,25.83,25.90,25.37,921,237万,2.08%,0.58
2011-06-07,25.82,25.71,25.90,25.52,939,242万,1.47%,0.59
2011-06-09,25.72,25.56,26.10,25.47,1466,378万,2.45%,0.92
2011-06-10,25.43,25.18,25.46,25.01,1542,389万,1.76%,0.96
2011-06-13,25.18,25.03,25.18,24.71,1370,342万,1.87%,0.86
2011-06-14,24.91,25.22,25.27,24.87,979,246万,1.60%,0.61
2011-06-15,25.32,24.93,25.32,24.85,1451,364万,1.86%,0.91
2011-06-16,24.73,24.37,24.74,24.22,1311,321万,2.09%,0.82
2011-06-17,24.25,24.04,24.46,24.04,982,238万,1.72%,0.61
2011-06-20,24.02,23.92,24.15,23.86,1108,266万,1.21%,0.69
2011-06-21,23.95,24.14,24.20,23.80,790,189万,1.67%,0.49
2011-06-22,24.10,23.86,24.10,23.81,761,182万,1.20%,0.48
2011-06-23,23.86,24.53,24.75,23.62,2011,490万,4.74%,1.26
2011-06-24,24.43,25.05,25.12,24.33,2681,667万,3.22%,1.68
2011-06-27,25.06,25.08,25.63,24.97,2583,654万,2.63%,1.61
2011-06-28,25.08,25.22,25.29,24.95,1293,325万,1.36%,0.81
2011-06-29,25.26,25.32,26.07,25.26,3654,938万,3.21%,2.28
2011-06-30,25.02,25.90,25.90,25.02,2230,573万,3.48%,1.39
2011-07-01,25.90,25.87,26.25,25.71,2339,609万,2.08%,1.46
2011-07-04,25.90,26.45,26.54,25.81,3308,868万,2.82%,2.07
2011-07-05,26.55,26.39,26.55,26.27,2071,547万,1.06%,1.29
2011-07-06,26.30,26.65,26.72,26.03,2155,570万,2.61%,1.35
2011-07-07,26.71,27.41,27.80,26.53,7307,1999万,4.77%,4.57
2011-07-08,27.35,27.82,27.88,27.01,3993,1097万,3.17%,2.5
2011-07-11,27.53,28.03,28.10,27.50,3917,1092万,2.16%,2.45
2011-07-12,27.88,27.05,27.88,27.01,4276,1178万,3.10%,2.67
2011-07-13,27.43,28.34,28.36,27.09,5073,1418万,4.70%,3.17
2011-07-14,28.34,28.80,28.80,28.10,3753,1067万,2.47%,2.35
2011-07-15,29.00,28.78,29.00,28.51,5768,1662万,1.70%,3.6
2011-07-18,28.78,28.33,28.98,28.20,3460,989万,2.71%,2.16
2011-07-19,28.33,28.18,28.49,28.02,2216,624万,1.66%,1.39
2011-07-20,28.24,27.69,28.46,27.51,2927,816万,3.37%,1.83
2011-07-21,27.88,27.82,27.98,27.52,2760,767万,1.66%,1.72
2011-07-22,27.82,27.95,28.21,27.70,1717,481万,1.83%,1.07
2011-07-25,27.91,27.31,28.39,27.01,3401,942万,4.94%,2.13
2011-07-26,27.30,27.29,27.55,27.00,3692,1004万,2.01%,1.85
2011-07-27,27.24,28.49,28.59,27.05,9063,2550万,5.64%,4.53
2011-07-28,28.12,28.89,29.36,28.10,10384,3002万,4.42%,5.19
2011-07-29,28.89,28.87,29.50,28.59,4497,1298万,3.15%,2.25
2011-08-01,28.88,29.20,29.36,28.48,5994,1747万,3.05%,3
2011-08-02,29.30,29.08,29.30,28.30,8437,2420万,3.42%,4.22
2011-08-03,28.55,28.54,29.47,28.45,6724,1941万,3.51%,3.36
2011-08-04,28.58,27.80,28.83,27.57,8484,2381万,4.41%,4.24
2011-08-05,27.00,27.31,27.55,26.50,9006,2445万,3.78%,4.5
2011-08-08,27.00,26.69,27.30,25.55,6407,1700万,6.41%,3.2
2011-08-09,26.20,26.60,26.88,25.70,2615,690万,4.42%,1.31
2011-08-10,27.16,27.12,27.56,27.00,3507,957万,2.11%,1.75
2011-08-11,26.54,27.37,27.56,26.54,3767,1023万,3.76%,1.88
2011-08-12,27.69,27.39,27.80,27.37,3666,1011万,1.57%,1.83
2011-08-15,27.50,28.40,28.60,27.31,8923,2504万,4.71%,4.46
2011-08-16,28.40,28.30,28.75,28.25,7653,2182万,1.76%,3.83
2011-08-17,28.10,28.50,28.95,28.03,6971,1998万,3.25%,3.49
2011-08-18,28.49,27.69,28.70,27.64,4328,1218万,3.72%,2.16
2011-08-19,27.28,27.35,27.35,26.92,3214,872万,1.55%,1.61
2011-08-22,27.36,27.71,27.88,27.36,2674,740万,1.90%,1.34
2011-08-23,27.95,28.70,28.85,27.95,11599,3310万,3.25%,5.8
2011-08-24,29.25,29.42,29.74,28.74,17989,5267万,3.48%,8.99
2011-08-25,29.12,29.05,29.59,28.48,9998,2897万,3.77%,5
2011-08-26,28.86,30.00,30.16,28.81,12890,3827万,4.65%,6.44
2011-08-29,30.00,30.21,30.72,29.70,10958,3316万,3.40%,5.48
2011-08-30,30.29,28.88,30.50,28.83,11273,3336万,5.53%,5.64
2011-08-31,28.75,28.58,28.97,28.15,7424,2114万,2.84%,3.71
2011-09-01,28.32,28.38,29.00,28.21,6910,1975万,2.76%,3.46
2011-09-02,28.53,28.10,28.53,27.66,4184,1170万,3.07%,2.09
2011-09-05,27.81,27.46,27.81,27.21,3648,1003万,2.14%,1.82
2011-09-06,27.25,27.25,28.23,26.80,5687,1548万,5.21%,2.84
2011-09-07,27.27,27.74,27.80,27.26,4764,1313万,1.98%,2.38
2011-09-08,27.88,27.00,27.88,27.00,4474,1230万,3.17%,2.24
2011-09-09,27.09,27.44,28.30,27.08,4508,1237万,4.52%,2.25
2011-09-13,27.10,27.26,27.58,27.01,1694,459万,2.08%,0.85
2011-09-14,27.26,27.45,27.47,26.87,2292,624万,2.20%,1.15
2011-09-15,27.47,27.30,27.67,27.22,3034,834万,1.64%,1.52
2011-09-16,27.30,27.26,27.65,27.16,1759,481万,1.79%,0.88
2011-09-19,27.17,26.19,27.17,26.15,3287,868万,3.74%,1.64
2011-09-20,26.45,26.82,28.50,26.10,2642,705万,9.16%,1.32
2011-09-21,26.90,27.38,27.45,26.62,4794,1303万,3.09%,2.4
2011-09-22,27.30,26.45,27.30,26.45,1735,466万,3.10%,0.87
2011-09-23,26.05,26.62,26.85,26.01,1456,384万,3.18%,0.73
2011-09-26,26.32,26.35,26.72,26.20,1047,277万,1.95%,0.52
2011-09-27,26.42,26.30,26.80,26.06,1510,399万,2.81%,0.76
2011-09-28,26.60,25.31,26.60,24.80,4026,1036万,6.84%,2.01
2011-09-29,25.20,24.50,25.20,24.50,2326,576万,2.77%,1.16
2011-09-30,24.73,24.23,24.75,24.15,2057,501万,2.45%,1.03
2011-10-10,24.28,24.30,24.63,24.24,621,151万,1.61%,0.31
2011-10-11,24.80,24.36,24.94,24.08,792,194万,3.54%,0.4
2011-10-12,24.36,25.32,25.35,24.18,2694,672万,4.80%,1.35
2011-10-13,25.46,25.78,25.93,25.10,2339,600万,3.28%,1.17
2011-10-14,25.53,25.33,25.78,24.90,2733,690万,3.41%,1.37
2011-10-17,25.33,25.82,25.90,25.15,4057,1040万,2.96%,2.03
2011-10-18,25.80,25.17,25.81,25.03,3039,777万,3.02%,1.52
2011-10-19,25.29,25.00,25.97,24.96,4859,1225万,4.01%,2.43
2011-10-20,24.91,24.11,24.91,23.92,4049,980万,3.96%,2.02
2011-10-21,23.98,23.07,24.10,23.07,4126,968万,4.27%,2.06
2011-10-24,23.07,23.08,23.45,22.32,3371,773万,4.90%,1.69
2011-10-25,23.01,23.88,23.97,22.88,4782,1123万,4.72%,2.39
2011-10-26,23.81,23.72,24.24,23.54,6377,1523万,2.93%,3.19
2011-10-27,23.75,23.97,24.42,23.71,3584,860万,2.99%,1.79
2011-10-28,24.10,24.40,24.48,24.04,5217,1262万,1.84%,2.61
2011-10-31,24.50,24.55,24.80,24.32,4570,1123万,1.97%,2.28
2011-11-01,24.33,24.48,24.73,24.06,6829,1666万,2.73%,3.41
2011-11-02,24.10,25.64,25.70,24.00,11085,2771万,6.94%,5.54
2011-11-03,26.00,25.53,26.60,25.41,12237,3194万,4.64%,6.12
2011-11-04,25.78,26.10,26.36,25.54,8124,2115万,3.21%,4.06
2011-11-07,25.95,25.67,26.25,25.46,4063,1052万,3.03%,2.03
2011-11-08,25.72,25.21,26.09,25.21,2999,770万,3.43%,1.5
2011-11-09,25.34,25.99,26.18,25.25,7759,1993万,3.69%,3.88
2011-11-10,25.80,25.85,26.33,25.80,10118,2638万,2.04%,5.06
2011-11-11,26.00,25.77,26.09,25.55,4719,1220万,2.09%,2.36
2011-11-14,25.95,26.71,26.71,25.95,8209,2165万,2.95%,4.1
2011-11-15,26.61,26.71,26.76,26.44,4592,1221万,1.20%,2.3
2011-11-16,26.73,26.28,27.35,26.16,12044,3228万,4.46%,6.02
2011-11-17,26.48,26.85,27.27,26.28,10958,2937万,3.77%,5.48
2011-11-18,26.80,26.50,27.65,26.25,16004,4345万,5.21%,8
2011-11-21,26.70,25.96,26.74,25.46,7248,1868万,4.83%,3.62
2011-11-22,25.90,25.97,26.24,25.50,4536,1175万,2.85%,2.27
2011-11-23,26.15,26.19,26.50,25.86,5456,1432万,2.46%,2.73
2011-11-24,25.99,26.57,26.66,25.72,6189,1631万,3.59%,3.09
2011-11-25,26.42,26.68,27.17,26.42,7111,1909万,2.82%,3.56
2011-11-28,26.85,26.58,26.98,26.38,3202,850万,2.25%,1.6
2011-11-29,26.79,26.49,26.90,26.29,4276,1131万,2.29%,2.14
2011-11-30,26.33,24.60,26.53,24.38,5893,1484万,8.12%,2.95
2011-12-01,25.28,24.78,26.68,24.76,10604,2689万,7.80%,5.3
2011-12-02,24.70,24.16,25.10,23.98,5072,1235万,4.52%,2.54
2011-12-05,24.15,22.82,24.43,22.50,6075,1423万,7.99%,3.04
2011-12-06,22.82,23.05,23.20,22.53,3640,836万,2.94%,1.82
2011-12-07,23.16,23.02,23.39,22.78,2185,504万,2.65%,1.09
2011-12-08,23.20,23.22,23.77,22.68,4232,984万,4.74%,2.12
2011-12-09,23.00,23.23,23.39,22.95,1919,445万,1.89%,0.96
2011-12-12,23.61,23.40,23.89,23.22,3053,719万,2.88%,1.53
2011-12-13,23.13,22.81,23.23,22.79,2895,665万,1.88%,1.45
2011-12-14,22.77,22.70,23.09,22.53,1663,379万,2.46%,0.83
2011-12-15,22.59,22.57,22.94,22.41,2572,583万,2.33%,1.29
2011-12-16,22.41,23.30,23.40,22.41,2363,542万,4.39%,1.18
2011-12-19,23.30,23.54,23.60,22.70,4112,952万,3.86%,2.06
2011-12-20,23.35,23.19,23.76,23.05,2811,661万,3.02%,1.41
2011-12-21,23.45,22.58,23.50,22.58,2462,566万,3.97%,1.23
2011-12-22,22.41,21.90,22.44,21.50,4395,962万,4.16%,2.2
2011-12-23,21.90,21.96,22.26,21.81,1649,363万,2.05%,0.82
2011-12-26,22.16,21.76,22.28,21.71,2018,445万,2.60%,1.01
2011-12-27,21.75,20.71,21.79,20.71,2963,625万,4.96%,1.48
2011-12-28,20.70,20.80,21.26,20.33,3006,620万,4.49%,1.5
2011-12-29,20.70,20.72,20.99,20.60,1831,381万,1.87%,0.92
2011-12-30,20.73,21.05,21.15,20.73,2272,475万,2.03%,1.14
2012-01-04,21.40,20.88,21.41,20.61,4106,865万,3.80%,2.05
2012-01-05,20.56,20.58,21.07,20.11,5146,1065万,4.60%,2.57
2012-01-06,20.50,21.17,21.37,20.42,3435,712万,4.62%,1.72
2012-01-09,21.17,22.11,22.57,20.70,5408,1164万,8.83%,2.7
2012-01-10,22.19,22.40,22.68,21.90,5737,1279万,3.53%,2.87
2012-01-11,22.30,22.45,22.79,22.22,4150,936万,2.54%,2.08
2012-01-12,22.38,22.24,22.63,22.16,2475,553万,2.09%,1.24
2012-01-13,22.70,21.66,22.87,21.40,4720,1039万,6.61%,2.36
2012-01-16,21.16,20.62,21.40,20.62,1912,401万,3.60%,0.96
2012-01-17,20.62,21.42,21.48,19.88,4407,909万,7.76%,2.2
2012-01-18,21.20,20.00,21.38,19.93,3818,787万,6.77%,1.91
2012-01-19,19.97,20.50,20.62,19.97,2461,502万,3.25%,1.23
2012-01-20,20.51,20.70,20.82,20.49,1644,339万,1.61%,0.82
2012-01-30,20.78,20.89,21.21,20.70,1608,337万,2.46%,0.8
2012-01-31,20.61,20.88,20.89,20.61,757,157万,1.34%,0.38
2012-02-01,20.88,21.01,21.30,20.88,1412,299万,2.01%,0.71
2012-02-03,21.27,21.66,21.71,21.20,3391,731万,2.43%,1.7
2012-02-06,21.60,21.70,21.91,21.51,5010,1089万,1.85%,2.5
2012-02-07,21.59,21.10,21.69,21.06,2839,604万,2.90%,1.42
2012-02-08,21.15,21.63,21.69,21.04,2992,640万,3.08%,1.5
2012-02-09,21.64,21.89,22.18,21.55,4202,921万,2.91%,2.1
2012-02-10,22.00,22.13,22.14,21.90,3048,672万,1.10%,1.52
2012-02-13,21.93,22.68,22.85,21.93,5666,1282万,4.16%,2.83
2012-02-14,22.66,23.25,23.67,22.50,9054,2097万,5.16%,4.53
2012-02-15,23.30,23.34,23.39,22.93,5713,1327万,1.98%,2.86
2012-02-16,23.21,23.32,23.54,23.12,4797,1122万,1.80%,2.4
2012-02-17,23.77,23.86,23.95,23.28,7978,1889万,2.87%,3.99
2012-02-20,24.03,24.21,24.42,23.92,8153,1973万,2.10%,4.08
2012-02-21,26.10,25.41,26.10,24.71,25822,6542万,5.74%,12.91
2012-02-22,25.11,26.45,27.30,25.01,23670,6167万,9.01%,11.84
2012-02-23,26.27,25.97,26.52,25.71,13916,3636万,3.06%,6.96
2012-02-24,26.30,26.29,26.77,25.98,12869,3384万,3.04%,6.43
2012-02-27,26.31,26.85,27.67,26.26,20572,5554万,5.36%,10.29
2012-02-28,26.78,25.75,26.99,25.71,15777,4140万,4.77%,7.89
2012-02-29,25.30,24.00,25.30,23.93,22855,5584万,5.32%,11.43
2012-03-01,23.80,24.03,24.32,23.65,8624,2074万,2.79%,4.31
2012-03-02,24.00,24.40,24.56,24.00,8008,1947万,2.33%,4
2012-03-05,24.41,24.37,24.84,24.21,10540,2579万,2.58%,5.27
2012-03-06,24.40,24.02,24.48,23.66,7261,1741万,3.36%,3.63
2012-03-07,24.00,24.41,24.69,23.82,8460,2062万,3.62%,4.23
2012-03-08,24.55,24.62,24.68,24.30,7745,1900万,1.56%,3.87
2012-03-09,24.74,25.05,25.20,24.50,10235,2551万,2.84%,5.12
2012-03-12,24.86,24.98,25.29,24.75,5443,1361万,2.16%,2.72
2012-03-13,25.17,25.42,25.42,24.90,7217,1818万,2.08%,3.61
2012-03-14,25.50,24.20,25.71,24.01,11132,2791万,6.69%,5.57
2012-03-15,24.20,24.01,24.39,23.81,5672,1368万,2.40%,2.84
2012-03-16,24.25,24.43,24.57,23.90,3724,907万,2.79%,1.86
2012-03-19,24.63,24.83,24.94,24.05,4893,1200万,3.64%,2.45
2012-03-20,24.63,24.10,25.13,24.08,3714,907万,4.23%,1.86
2012-03-21,24.21,23.83,24.36,23.51,4096,979万,3.53%,2.05
2012-03-23,23.83,24.18,24.68,23.75,6343,1538万,3.90%,3.17
2012-03-26,24.02,23.78,24.22,23.20,6050,1419万,4.22%,3.03
2012-03-27,23.80,23.51,23.80,23.39,2661,628万,1.72%,1.33
2012-03-28,23.55,22.11,23.55,22.08,3718,845万,6.25%,1.86
2012-03-29,22.20,21.60,22.20,21.50,2491,543万,3.17%,1.25
2012-03-30,21.83,21.58,21.83,21.41,1411,304万,1.94%,0.71
2012-04-05,21.80,22.24,22.36,21.40,3169,696万,4.45%,1.58
2012-04-06,21.96,22.38,22.45,21.95,1679,374万,2.25%,0.84
2012-04-09,22.20,22.46,22.58,22.02,2835,632万,2.50%,1.42
2012-04-10,22.10,22.05,22.38,21.44,3949,863万,4.19%,1.97
2012-04-11,22.04,21.90,22.10,21.30,4069,442万,3.63%,1.02
2012-04-12,21.70,22.10,22.12,21.34,4907,533万,3.56%,1.23
2012-04-13,22.10,21.90,22.20,21.86,4295,471万,1.54%,1.07
2012-04-16,21.80,22.10,22.24,21.76,3013,330万,2.19%,0.75
2012-04-17,21.76,20.70,21.76,20.70,10980,1156万,4.80%,2.75
2012-04-18,20.70,21.10,21.18,20.64,6163,641万,2.61%,1.54
2012-04-19,21.10,21.12,21.36,20.92,4415,465万,2.09%,1.1
2012-04-20,21.10,21.10,21.18,20.88,6669,698万,1.42%,1.67
2012-04-23,21.10,19.88,21.10,19.74,9891,998万,6.45%,2.47
2012-04-24,19.60,19.20,19.72,18.76,9436,904万,4.83%,2.36
2012-04-25,19.10,19.22,19.26,18.90,4188,397万,1.88%,1.05
2012-04-26,19.24,19.30,19.68,19.12,4502,433万,2.91%,1.13
2012-04-27,19.34,19.48,19.64,19.12,3418,330万,2.69%,0.85
2012-05-02,19.66,19.72,19.88,19.52,5614,551万,1.85%,1.4
2012-05-03,19.72,20.44,21.00,19.72,8732,886万,6.49%,2.18
2012-05-04,20.50,20.40,20.64,20.30,5711,582万,1.66%,1.43
2012-05-07,20.12,20.76,20.78,20.12,7109,727万,3.24%,1.78
2012-05-08,20.52,20.44,20.76,20.40,5628,576万,1.73%,1.41
2012-05-09,20.34,20.44,20.46,19.90,6510,652万,2.74%,1.63
2012-05-10,20.44,20.32,20.60,20.04,4676,473万,2.74%,1.17
2012-05-11,20.10,20.26,20.34,19.64,8822,879万,3.44%,2.21
2012-05-14,20.30,20.68,20.76,20.10,11138,1141万,3.26%,2.78
2012-05-15,20.38,20.26,20.64,19.98,3345,337万,3.19%,0.84
2012-05-16,20.14,20.00,20.34,19.88,2337,233万,2.27%,0.58
2012-05-17,19.78,20.02,20.14,19.78,2895,289万,1.80%,0.72
2012-05-18,19.90,19.76,20.10,19.76,1667,165万,1.70%,0.42
2012-05-21,19.74,19.02,19.80,18.90,3945,380万,4.55%,0.99
2012-05-22,19.24,18.90,19.34,18.72,9230,868万,3.26%,2.31
2012-05-23,18.94,18.72,19.06,18.66,4126,386万,2.12%,1.03
2012-05-24,18.74,18.86,18.90,18.70,2905,272万,1.07%,0.73
2012-05-25,18.88,18.56,18.92,18.56,2433,226万,1.91%,0.61
2012-05-28,18.56,18.34,18.56,18.02,5480,496万,2.91%,1.37
2012-05-29,18.34,18.76,18.86,18.34,4794,444万,2.84%,1.2
2012-05-30,18.82,18.86,18.96,18.72,3066,287万,1.28%,0.77
2012-05-31,18.76,18.96,19.14,18.60,4787,451万,2.86%,1.2
2012-06-01,19.36,20.84,20.84,19.36,17765,1833万,7.81%,4.44
2012-06-04,20.88,21.76,22.02,20.60,57273,6115万,6.81%,14.32
2012-06-05,21.48,20.84,21.48,20.54,24955,2591万,4.32%,6.24
2012-06-06,20.60,20.30,20.90,19.96,18342,1863万,4.51%,4.59
2012-06-07,20.60,22.32,22.32,20.30,51197,5531万,9.95%,12.8
2012-06-08,22.80,24.54,24.54,22.80,113447,1.35亿,7.80%,28.36
2012-06-11,24.80,26.98,26.98,24.06,114131,1.49亿,11.90%,28.53
2012-06-12,27.18,26.54,27.66,25.86,105139,1.39亿,6.67%,26.28
2012-06-13,26.24,26.26,26.68,25.92,92311,1.21亿,2.86%,23.08
2012-06-14,26.10,25.14,26.70,24.94,97662,1.25亿,6.70%,24.42
2012-06-15,25.16,24.90,25.34,24.32,62838,7739万,4.06%,15.71
2012-06-18,24.86,25.60,26.42,24.60,105639,1.34亿,7.31%,26.41
2012-06-19,25.10,28.16,28.16,24.22,125464,1.63亿,15.39%,31.37
2012-06-20,27.56,29.94,30.96,27.46,176022,2.61亿,12.43%,44.01
2012-06-21,28.70,27.88,29.30,27.32,85893,1.21亿,6.61%,21.47
2012-06-25,27.10,25.10,27.28,25.10,82418,1.07亿,7.82%,20.6
2012-06-26,24.60,25.54,25.78,24.36,62771,7870万,5.66%,15.69
2012-06-27,25.54,24.72,26.02,24.58,51078,6444万,5.64%,12.77
2012-06-28,24.50,24.68,25.68,23.96,61408,7564万,6.96%,15.35
2012-06-29,24.10,23.60,24.80,22.88,59456,6987万,7.78%,14.86
2012-07-02,23.62,24.72,24.72,23.30,53862,6498万,6.02%,13.47
2012-07-03,24.34,25.24,25.36,23.98,56797,6955万,5.58%,14.2
2012-07-04,25.00,24.10,25.20,24.06,38872,4734万,4.52%,9.72
2012-07-05,23.62,22.56,23.64,22.40,41785,4741万,5.15%,10.45
2012-07-06,22.68,23.30,23.42,22.24,33749,3858万,5.23%,8.44
2012-07-09,23.10,21.84,23.20,21.84,30552,3424万,5.84%,7.64
2012-07-10,21.34,20.90,21.64,20.82,30240,3201万,3.75%,7.56
2012-07-11,20.70,21.34,21.80,20.70,21120,2242万,5.26%,5.28
2012-07-12,20.90,21.20,21.44,20.16,36981,3816万,6.00%,9.25
2012-07-13,20.86,21.16,21.40,20.46,32358,3381万,4.43%,8.09
2012-07-16,21.00,19.06,21.00,19.06,44803,4374万,9.17%,11.2
2012-07-17,18.80,19.30,19.52,18.80,20508,1959万,3.78%,5.13
2012-07-18,19.26,20.24,20.42,19.08,56321,5593万,6.94%,14.08
2012-07-19,20.06,20.20,20.86,19.46,48931,4919万,6.92%,12.23
2012-07-20,20.00,20.96,21.80,19.86,61091,6427万,9.60%,15.27
2012-07-23,20.14,20.06,20.56,19.76,34046,3419万,3.82%,8.51
2012-07-24,19.70,20.26,20.56,19.60,25221,2542万,4.79%,6.31
2012-07-25,20.06,20.46,21.14,19.88,28530,2939万,6.22%,7.13
2012-07-26,20.28,19.48,20.48,19.48,19893,1975万,4.89%,4.97
2012-07-27,19.58,21.42,21.42,19.36,37521,3842万,10.57%,9.38
2012-07-30,21.90,20.74,22.32,20.64,45757,4883万,7.84%,11.44
2012-07-31,20.54,19.76,20.98,18.70,28928,2838万,10.99%,7.23
2012-08-01,19.78,21.72,21.72,19.56,69587,7372万,10.93%,17.4
2012-08-02,21.44,22.06,22.70,21.24,80727,8796万,6.72%,20.18
2012-08-03,21.80,22.66,23.06,21.50,60142,6687万,7.07%,15.04
2012-08-06,22.28,23.70,24.06,21.92,62541,7181万,9.44%,15.64
2012-08-07,23.40,23.64,23.80,22.74,53951,6260万,4.47%,13.49
2012-08-08,23.34,22.90,23.54,22.44,33384,3818万,4.65%,8.35
2012-08-09,22.60,22.94,23.32,22.60,33842,3864万,3.14%,8.46
2012-08-10,22.76,22.92,23.58,22.76,36768,4249万,3.57%,9.19
2012-08-13,22.62,21.92,22.68,21.72,32470,3585万,4.19%,8.12
2012-08-14,21.90,22.56,22.58,21.52,26825,2958万,4.84%,6.71
2012-08-15,22.52,21.70,22.52,21.70,22881,2512万,3.63%,5.72
2012-08-16,21.44,20.46,21.72,20.22,29964,3114万,6.91%,7.49
2012-08-17,20.22,20.64,21.08,20.20,13595,1397万,4.30%,3.4
2012-08-20,21.12,22.70,22.70,21.00,33204,3715万,8.24%,8.3
2012-08-21,23.38,24.96,24.96,23.38,86183,1.05亿,6.96%,21.55
2012-08-22,27.44,26.46,27.44,25.42,151031,1.99亿,8.09%,37.76
2012-08-23,25.92,26.50,27.78,25.32,124963,1.64亿,9.30%,31.24
2012-08-24,25.44,23.92,25.70,23.86,96833,1.19亿,6.94%,24.21
2012-08-27,23.90,24.22,25.06,23.66,52550,6366万,5.85%,13.14
2012-08-28,23.80,24.60,24.90,22.90,68438,8214万,8.26%,17.11
2012-08-29,24.10,23.98,25.20,23.88,62060,7571万,5.37%,15.52
2012-08-30,23.46,22.28,23.46,21.60,65689,7338万,7.76%,16.42
2012-08-31,21.88,22.38,22.66,21.76,34793,3857万,4.04%,8.7
2012-09-03,22.48,23.96,24.60,22.14,70328,8320万,10.99%,17.58
2012-09-04,23.48,24.32,25.28,23.40,70093,8540万,7.85%,17.52
2012-09-05,23.58,24.48,25.04,23.58,44823,5472万,6.00%,11.21
2012-09-06,24.56,25.68,26.06,24.34,68610,8644万,7.03%,17.15
2012-09-07,25.40,25.68,26.86,25.00,81317,1.05亿,7.24%,20.33
2012-09-10,25.20,26.62,28.10,25.10,80546,1.08亿,11.68%,20.14
2012-09-11,26.60,26.50,27.52,26.14,47231,6293万,5.18%,11.81
2012-09-12,26.42,26.50,26.94,25.78,38118,4979万,4.38%,9.53
2012-09-13,26.50,25.50,26.50,25.30,24496,3142万,4.53%,6.12
2012-09-14,25.72,25.24,25.90,24.70,16278,2049万,4.71%,4.07
2012-09-17,25.50,24.70,26.50,24.20,25718,3280万,9.11%,6.43
2012-09-18,24.72,24.74,25.28,24.24,13056,1610万,4.21%,3.26
2012-09-19,24.74,26.06,26.50,24.74,41907,5413万,7.11%,10.48
2012-09-20,25.60,25.04,25.90,24.26,29906,3714万,6.29%,7.48
2012-09-21,24.64,23.86,25.26,23.52,16384,1992万,6.95%,4.1
2012-09-24,23.92,23.74,24.36,23.16,16823,1993万,5.03%,4.21
2012-09-25,23.76,23.52,23.98,23.04,12903,1504万,3.96%,3.23
2012-09-26,23.18,22.98,23.84,22.52,19231,2227万,5.61%,4.81
2012-09-27,22.70,23.14,23.90,22.50,17409,2011万,6.09%,4.35
2012-09-28,23.10,23.24,23.44,22.60,19232,2201万,3.63%,4.81
2012-10-08,23.24,23.70,24.00,22.90,19697,2304万,4.73%,4.92
2012-10-09,23.84,24.28,24.48,23.54,25267,3028万,3.97%,6.32
2012-10-10,24.10,25.28,25.44,23.92,40237,4951万,6.26%,10.06
2012-10-11,24.94,23.36,24.94,22.90,34990,4210万,8.07%,8.75
2012-10-12,23.34,23.08,23.86,22.70,15281,1763万,4.97%,3.82
2012-10-15,22.74,21.72,22.74,21.32,19749,2143万,6.15%,4.94
2012-10-16,21.70,21.48,21.98,21.42,12813,1383万,2.58%,3.2
2012-10-17,21.48,21.84,21.92,21.34,9694,1044万,2.70%,2.42
2012-10-18,21.66,22.38,22.54,21.66,13510,1489万,4.03%,3.38
2012-10-19,22.38,22.52,23.26,22.38,16561,1890万,3.93%,4.14
2012-10-22,22.10,22.10,22.22,21.74,14167,1547万,2.13%,3.54
2012-10-23,22.10,21.70,22.56,21.66,11949,1311万,4.07%,2.99
2012-10-24,21.26,21.12,21.60,21.10,9710,1030万,2.30%,2.43
2012-10-25,21.20,20.90,21.42,20.84,7385,775万,2.75%,1.85
2012-10-26,20.98,20.12,21.08,19.92,8783,886万,5.55%,2.2
2012-10-29,20.20,20.10,20.26,19.72,4502,448万,2.68%,1.13
2012-10-30,20.46,20.18,20.46,20.06,3506,353万,1.99%,0.88
2012-10-31,20.16,20.38,20.40,19.94,4427,445万,2.28%,1.11
2012-11-01,20.42,20.62,20.86,20.42,9362,965万,2.16%,2.34
2012-11-02,20.68,20.64,20.70,20.44,7092,725万,1.26%,1.77
2012-11-05,20.72,20.28,20.72,20.10,6332,639万,3.00%,1.58
2012-11-06,20.16,19.80,20.40,19.46,9040,891万,4.64%,2.26
2012-11-07,19.86,20.14,20.16,19.52,7090,702万,3.23%,1.77
2012-11-08,19.90,19.26,19.90,19.26,5767,562万,3.18%,1.44
2012-11-09,19.26,19.28,19.40,19.12,3678,353万,1.45%,0.92
2012-11-12,19.48,20.04,20.64,19.40,13112,1308万,6.43%,3.28
2012-11-13,20.08,19.82,20.24,19.56,9431,929万,3.39%,2.36
2012-11-14,19.84,19.48,20.00,19.20,7017,679万,4.04%,1.75
2012-11-15,19.46,19.10,19.46,18.72,7796,741万,3.80%,1.95
2012-11-16,19.10,19.14,19.28,18.64,5170,486万,3.35%,1.29
2012-11-19,19.28,19.08,19.28,18.72,3580,338万,2.93%,0.9
2012-11-20,19.10,19.38,19.88,19.10,7663,740万,4.09%,1.92
2012-11-21,19.28,19.56,19.62,18.66,6707,643万,4.95%,1.68
2012-11-22,19.50,19.08,19.50,18.96,3062,292万,2.76%,0.77
2012-11-23,19.08,19.80,20.90,19.04,20928,2083万,9.75%,5.23
2012-11-26,19.36,19.54,19.80,19.30,9718,942万,2.53%,2.43
2012-11-27,19.50,18.90,19.50,18.80,8587,812万,3.58%,2.15
2012-11-28,18.54,18.10,18.84,17.84,7098,645万,5.29%,1.77
2012-11-29,18.02,17.00,18.30,17.00,6903,607万,7.18%,1.73
2012-11-30,16.80,17.18,17.46,16.80,5698,484万,3.88%,1.42
2012-12-03,17.20,15.92,17.28,15.90,6785,559万,8.03%,1.7
2012-12-04,15.92,16.40,16.40,15.36,8075,634万,6.53%,2.02
2012-12-05,16.30,17.16,17.22,16.14,10146,851万,6.59%,2.54
2012-12-06,17.26,16.98,17.68,16.82,6318,537万,5.01%,1.58
2012-12-07,16.96,17.40,17.54,16.64,10411,889万,5.30%,2.6
2012-12-10,17.64,17.94,18.26,17.34,11987,1068万,5.29%,3
2012-12-11,18.04,17.66,18.06,17.50,7313,643万,3.12%,1.83
2012-12-12,17.54,17.40,17.78,17.18,6739,585万,3.40%,1.68
2012-12-13,17.28,17.14,17.80,17.02,7126,621万,4.48%,1.78
2012-12-14,17.34,18.00,18.10,17.04,13215,1164万,6.18%,3.3
2012-12-17,17.92,18.36,18.64,17.60,16467,1488万,5.78%,4.12
2012-12-18,18.18,18.02,18.56,17.90,11354,1025万,3.59%,2.84
2012-12-19,17.94,18.68,19.20,17.90,20962,1944万,7.21%,5.24
2012-12-20,18.66,18.52,18.68,18.18,10755,985万,2.68%,2.69
2012-12-21,18.62,18.98,19.44,18.14,20225,1883万,7.02%,5.06
2012-12-24,20.86,20.86,20.86,20.40,35388,3670万,2.42%,8.85
2012-12-25,21.26,20.82,21.26,20.40,59938,6209万,4.12%,14.98
2012-12-26,20.60,21.18,22.46,20.50,51602,5488万,9.41%,12.9
2012-12-27,21.14,20.22,21.34,20.16,28220,2911万,5.57%,7.05
2012-12-28,19.90,20.26,20.52,19.90,22158,2236万,3.07%,5.54
2012-12-31,20.26,20.28,20.74,20.14,17438,1770万,2.96%,4.36
2013-01-04,19.80,20.06,20.06,19.42,27507,2701万,3.16%,6.88
2013-01-07,20.06,22.06,22.06,20.06,25885,2807万,9.97%,6.47
2013-01-08,23.00,22.04,23.02,21.72,65709,7315万,5.89%,16.43
2013-01-09,21.50,21.54,22.02,21.20,30583,3283万,3.72%,7.65
2013-01-10,21.44,21.48,21.74,21.26,16934,1815万,2.23%,4.23
2013-01-11,21.60,21.26,22.26,21.24,30197,3284万,4.75%,7.55
2013-01-14,21.26,21.86,22.00,20.72,27871,2971万,6.02%,6.97
2013-01-15,22.00,22.42,23.08,21.90,40892,4549万,5.40%,10.22
2013-01-16,22.18,21.78,22.46,21.32,26521,2885万,5.08%,6.63
2013-01-17,21.64,22.24,23.08,21.50,38420,4267万,7.25%,9.61
2013-01-18,22.30,22.24,22.62,21.60,19164,2105万,4.59%,4.79
2013-01-21,22.14,21.84,22.28,21.62,16138,1754万,2.97%,4.03
2013-01-22,21.84,20.82,22.00,20.78,14416,1532万,5.59%,3.6
2013-01-23,20.86,20.52,20.96,20.00,18084,1839万,4.61%,4.52
2013-01-24,20.78,19.66,21.06,19.48,18634,1873万,7.70%,4.66
2013-01-25,19.78,19.88,20.10,19.70,7960,787万,2.03%,1.99
2013-01-28,20.10,20.62,20.70,19.90,15476,1574万,4.02%,3.87
2013-01-29,20.62,20.84,21.12,20.44,18070,1878万,3.30%,4.52
2013-01-30,20.80,20.58,20.90,20.20,9150,932万,3.36%,2.29
2013-01-31,20.08,20.06,20.56,19.94,9342,932万,3.01%,2.34
2013-02-01,20.00,20.24,20.34,19.92,5349,537万,2.09%,1.34
2013-02-04,20.42,19.92,20.42,19.88,6540,651万,2.67%,1.64
2013-02-05,19.80,20.04,20.06,19.54,7257,716万,2.61%,1.81
2013-02-06,20.04,20.30,20.62,19.92,7286,737万,3.49%,1.82
2013-02-07,20.22,20.28,20.44,20.04,5815,586万,1.97%,1.45
2013-02-08,20.28,20.62,21.02,20.16,12997,1337万,4.24%,3.25
2013-02-18,20.64,21.04,21.18,20.50,15402,1598万,3.30%,3.85
2013-02-19,20.94,20.46,21.14,20.34,11134,1150万,3.80%,2.78
2013-02-20,20.40,21.02,21.10,20.26,14671,1526万,4.11%,3.67
2013-02-21,20.96,21.20,22.08,20.84,33741,3588万,5.90%,8.44
2013-02-22,20.94,20.54,21.02,20.42,18330,1888万,2.83%,4.58
2013-02-25,20.54,20.56,20.86,20.42,12202,1249万,2.14%,3.05
2013-02-26,20.54,20.52,21.00,20.44,13046,1346万,2.72%,3.26
2013-02-27,20.50,19.74,20.74,19.70,16771,1666万,5.07%,4.19
2013-02-28,19.76,20.12,20.38,19.74,11540,1148万,3.24%,2.89
2013-03-01,20.10,20.56,20.56,20.10,11912,1205万,2.29%,2.98
2013-03-04,20.40,19.20,20.40,19.10,16502,1615万,6.32%,4.13
2013-03-05,19.18,20.86,21.12,19.10,49896,5073万,10.52%,12.47
2013-03-06,20.46,20.92,21.04,20.14,40052,4101万,4.31%,10.01
2013-03-07,20.70,20.42,20.98,20.14,23788,2433万,4.02%,5.95
2013-03-08,20.32,20.10,20.66,20.10,13082,1323万,2.74%,3.27
2013-03-11,20.10,19.86,20.14,19.70,10701,1058万,2.19%,2.68
2013-03-12,19.84,19.08,20.04,18.90,15774,1524万,5.74%,3.94
2013-03-13,19.00,18.48,19.08,17.88,20105,1833万,6.29%,5.03
2013-03-14,18.40,18.50,18.60,18.18,6095,559万,2.27%,1.52
2013-03-15,18.48,18.46,18.76,18.14,9365,862万,3.35%,2.34
2013-03-18,18.30,17.98,18.46,17.94,8833,797万,2.82%,2.21
2013-03-19,17.98,17.82,18.10,17.64,10040,888万,2.56%,2.51
2013-03-20,17.82,18.36,18.56,17.80,13574,1225万,4.26%,3.39
2013-03-21,18.56,18.60,18.76,18.42,12029,1110万,1.85%,3.01
2013-03-22,18.58,18.90,19.06,18.30,16965,1576万,4.09%,4.24
2013-03-25,18.92,18.66,19.00,18.56,9659,898万,2.33%,2.41
2013-03-26,18.56,18.28,18.60,18.06,9987,905万,2.89%,2.5
2013-03-27,18.32,18.38,18.84,18.10,14140,1295万,4.05%,3.53
2013-03-28,18.22,17.60,18.22,17.50,12224,1076万,3.92%,3.06
2013-03-29,17.68,17.66,17.92,17.60,7058,622万,1.82%,1.76
2013-04-01,17.40,17.80,18.10,17.28,6184,546万,4.64%,1.55
2013-04-02,17.80,17.34,17.96,17.22,7207,630万,4.16%,1.8
2013-04-03,17.30,17.68,17.84,16.90,11883,1031万,5.42%,2.97
2013-04-08,17.30,17.30,17.38,16.70,11135,940万,3.85%,2.78
2013-04-09,17.24,17.60,18.00,17.00,20728,1809万,5.78%,5.18
2013-04-10,18.00,17.32,18.00,17.14,10013,870万,4.89%,2.5
2013-04-11,17.42,17.60,17.82,17.34,13253,1160万,2.77%,3.31
2013-04-12,17.62,17.42,17.76,17.32,8740,764万,2.50%,2.19
2013-04-15,17.36,17.12,17.56,16.98,7233,617万,3.33%,1.81
2013-04-16,16.98,17.26,17.30,16.86,4676,397万,2.57%,1.17
2013-04-17,17.28,17.52,17.52,17.22,6021,521万,1.74%,1.51
2013-04-18,17.42,17.72,17.78,17.32,8220,720万,2.63%,2.05
2013-04-19,17.72,17.84,18.02,17.70,9643,858万,1.81%,2.41
2013-04-22,17.84,18.28,18.48,17.74,15668,1411万,4.15%,3.92
2013-04-23,18.10,17.42,18.38,17.34,11297,1002万,5.69%,2.82
2013-04-24,17.54,18.02,18.02,17.42,12320,1091万,3.44%,3.08
2013-04-25,17.94,17.58,18.06,17.54,9179,813万,2.89%,2.29
2013-04-26,17.64,16.84,17.68,16.70,8115,694万,5.57%,2.03
2013-05-02,16.84,16.96,17.06,16.60,5277,442万,2.73%,1.32
2013-05-03,17.02,17.64,17.64,16.98,11567,1003万,3.89%,2.89
2013-05-06,18.00,18.18,18.46,17.70,27446,2476万,4.31%,6.86
2013-05-07,18.18,17.92,18.18,17.70,13495,1201万,2.64%,3.37
2013-05-08,18.06,19.70,19.70,17.86,40032,3841万,10.27%,10.01
2013-05-09,19.80,20.44,20.88,19.70,87192,8780万,5.99%,21.8
2013-05-10,20.00,19.90,20.14,19.52,37953,3746万,3.03%,9.49
2013-05-13,19.90,20.08,20.20,19.52,30003,2966万,3.42%,7.5
2013-05-14,19.90,19.26,19.94,19.22,22695,2203万,3.59%,5.67
2013-05-15,19.32,20.12,20.34,19.28,35187,3502万,5.50%,8.8
2013-05-16,19.94,19.64,20.72,19.60,32837,3281万,5.57%,8.21
2013-05-17,19.60,20.20,20.42,19.54,33911,3380万,4.48%,8.48
2013-05-20,20.86,21.06,22.06,20.52,50703,5318万,7.62%,12.68
2013-05-21,20.88,21.68,22.10,20.72,53175,5696万,6.55%,13.29
2013-05-22,21.40,21.00,21.70,20.92,32591,3433万,3.60%,8.15
2013-05-23,21.00,22.06,22.60,20.94,60016,6552万,7.90%,15
2013-05-24,21.92,22.44,22.88,21.82,46725,5217万,4.81%,11.68
2013-05-27,22.44,22.32,22.88,21.82,34312,3817万,4.72%,8.58
2013-05-28,22.62,21.64,23.00,21.62,34414,3792万,6.18%,8.6
2013-05-29,21.48,21.74,22.04,21.40,20030,2160万,2.96%,5.01
2013-05-30,21.90,22.18,22.36,21.36,25816,2830万,4.60%,6.45
2013-05-31,22.22,23.26,23.82,21.62,56165,6382万,9.92%,14.04
2013-06-03,22.94,24.46,24.50,22.84,60512,7202万,7.14%,15.13
2013-06-04,24.58,23.44,24.58,22.88,38154,4502万,6.95%,9.54
2013-06-05,23.32,23.22,23.80,22.74,17910,2072万,4.52%,4.48
2013-06-06,23.08,23.18,23.18,22.56,18179,2067万,2.67%,4.54
2013-06-07,23.32,20.90,23.50,20.88,29428,3205万,11.30%,7.36
2013-06-13,20.90,21.50,21.62,20.04,22407,2331万,7.56%,5.6
2013-06-14,21.48,22.34,22.64,21.02,19296,2107万,7.53%,4.82
2013-06-17,22.62,21.86,22.92,21.84,23164,2573万,4.83%,5.79
2013-06-18,22.00,21.80,22.12,20.94,15472,1659万,5.40%,3.87
2013-06-19,21.50,23.12,23.12,20.98,24927,2763万,9.82%,6.23
2013-06-20,23.16,23.82,25.10,22.96,56186,6749万,9.26%,14.05
2013-06-21,22.52,25.52,26.08,21.76,57698,6962万,18.14%,14.42
2013-06-24,24.72,24.22,26.26,23.14,55300,6895万,12.23%,13.83
2013-06-25,23.42,25.22,25.40,21.82,55300,6505万,14.78%,13.82
2013-06-26,25.02,26.48,26.66,24.62,66985,8580万,8.09%,16.75
2013-06-27,26.08,24.42,26.50,24.16,53056,6709万,8.84%,13.26
2013-06-28,24.00,23.40,24.88,23.26,31237,3706万,6.63%,7.81
2013-07-01,23.30,25.20,25.26,23.00,31111,3766万,9.66%,7.78
2013-07-02,25.18,25.62,26.10,24.66,36295,4584万,5.71%,9.07
2013-07-03,25.30,25.00,25.80,24.32,28118,3494万,5.78%,7.03
2013-07-04,24.90,24.80,26.12,24.54,39759,5031万,6.32%,9.94
2013-07-05,24.56,24.12,25.56,23.82,29116,3587万,7.02%,7.28
2013-07-08,23.56,21.98,23.56,21.88,29839,3362万,6.97%,7.46
2013-07-09,21.94,22.70,22.86,21.94,13127,1465万,4.19%,3.28
2013-07-10,23.10,23.36,23.88,23.10,16907,1977万,3.44%,4.23
2013-07-11,23.54,24.10,24.70,22.92,24421,2879万,7.62%,6.11
2013-07-12,23.84,24.42,25.06,23.84,27260,3340万,5.06%,6.81
2013-07-15,24.12,25.36,25.44,23.90,43170,5328万,6.31%,10.79
2013-07-16,25.10,25.00,25.30,24.54,27289,3384万,3.00%,6.82
2013-07-17,24.82,25.50,26.42,24.80,47537,6089万,6.48%,11.88
2013-07-18,25.46,25.60,26.20,24.54,40114,5083万,6.51%,10.03
2013-07-19,25.50,24.72,26.70,24.68,38797,4992万,7.89%,9.7
2013-07-22,24.32,26.02,26.08,23.92,29044,3658万,8.74%,7.26
2013-07-23,25.84,26.92,27.06,25.52,41270,5405万,5.92%,10.32
2013-07-24,26.58,26.70,27.32,26.12,32916,4372万,4.46%,8.23
2013-07-25,27.04,24.56,27.04,24.48,36118,4544万,9.59%,9.03
2013-07-26,24.12,24.96,25.06,23.72,17952,2186万,5.46%,4.49
2013-07-29,24.72,23.70,24.72,23.44,14360,1716万,5.13%,3.59
2013-07-30,23.70,22.96,24.02,22.12,14611,1669万,8.02%,3.65
2013-07-31,22.94,23.56,23.68,22.78,10313,1201万,3.92%,2.58
2013-08-01,23.60,24.58,24.70,23.60,12544,1520万,4.67%,3.14
2013-08-02,24.68,24.86,25.62,24.66,24099,3011万,3.91%,6.02
2013-08-05,24.86,25.44,25.70,24.58,22871,2871万,4.51%,5.72
2013-08-06,25.54,25.28,25.78,25.06,20212,2556万,2.83%,5.05
2013-08-07,25.12,24.12,25.40,23.76,21293,2572万,6.49%,5.32
2013-08-08,23.88,24.20,24.80,23.88,12099,1463万,3.81%,3.02
2013-08-09,24.16,23.90,24.72,23.38,13968,1671万,5.54%,3.49
2013-08-12,23.56,23.42,24.00,22.92,18942,2195万,4.52%,4.74
2013-08-13,23.72,24.12,24.24,23.42,14804,1761万,3.50%,3.7
2013-08-14,24.12,24.08,24.42,23.66,12938,1545万,3.15%,3.23
2013-08-15,24.06,23.80,24.66,23.78,16090,1933万,3.65%,4.02
2013-08-16,23.32,22.78,24.02,22.56,16897,1964万,6.13%,4.22
2013-08-19,22.94,23.84,23.84,22.94,14687,1726万,3.95%,3.67
2013-08-20,23.90,24.06,24.36,23.64,11845,1419万,3.02%,2.96
2013-08-21,24.30,25.26,25.42,23.76,34513,4263万,6.90%,8.63
2013-08-22,25.02,25.34,25.62,24.66,36240,4559万,3.80%,9.06
2013-08-23,25.52,24.56,25.58,24.10,29756,3689万,5.84%,7.44
2013-08-26,25.92,25.82,26.96,25.30,45438,5857万,6.76%,11.36
2013-08-27,25.42,26.52,26.78,24.82,36807,4744万,7.59%,9.2
2013-08-28,26.08,25.56,26.48,25.50,25837,3327万,3.70%,6.46
2013-08-29,25.70,25.28,25.92,24.70,20564,2596万,4.77%,5.14
2013-08-30,24.92,24.46,25.50,24.10,24264,2955万,5.54%,6.07
2013-09-02,23.92,24.58,24.62,22.72,13653,1656万,7.77%,3.41
2013-09-03,24.52,24.62,24.72,24.36,8931,1091万,1.46%,2.23
2013-09-04,24.62,24.12,24.72,23.84,5579,670万,3.57%,1.39
2013-12-09,26.52,26.52,26.52,26.12,41924,5532万,1.66%,10.48
2013-12-10,26.54,27.48,28.92,26.52,71047,9755万,9.05%,17.76
2013-12-11,27.00,26.74,27.68,26.34,40328,5385万,4.88%,10.08
2013-12-12,26.52,25.92,26.54,25.52,40209,5206万,3.81%,10.05
2013-12-13,25.82,25.58,25.92,25.12,17924,2277万,3.09%,4.48
2013-12-16,25.64,25.44,25.94,25.14,15010,1906万,3.13%,3.75
2013-12-17,25.44,25.24,25.70,24.68,15136,1884万,4.01%,3.78
2013-12-18,25.22,24.94,25.22,24.36,9348,1152万,3.41%,2.34
2013-12-19,24.88,25.02,25.58,24.54,15113,1881万,4.17%,3.78
2013-12-20,25.00,24.98,25.08,24.66,7825,968万,1.68%,1.96
2013-12-23,24.78,25.02,25.42,24.54,13700,1706万,3.52%,3.43
2013-12-24,25.18,25.88,25.92,24.98,19491,2481万,3.76%,4.87
2013-12-25,25.92,26.28,26.60,25.72,27902,3643万,3.40%,6.98
2013-12-26,26.16,25.70,26.28,25.54,10905,1409万,2.82%,2.73
2013-12-27,25.54,26.64,26.76,25.54,25368,3318万,4.75%,6.34
2013-12-30,26.80,27.12,27.56,26.32,38368,5152万,4.65%,9.59
2013-12-31,26.98,26.00,26.98,25.68,33589,4360万,4.79%,8.4
2014-01-02,26.06,28.58,28.58,25.70,60765,8370万,11.08%,15.19
2014-01-03,30.02,31.42,31.42,29.48,110855,1.69亿,6.79%,27.71
2014-01-06,31.66,30.00,31.66,28.78,95011,1.42亿,9.17%,23.75
2014-01-07,29.72,29.36,30.10,27.74,62849,9073万,7.87%,15.71
2014-01-08,29.40,31.06,31.08,29.08,94462,1.42亿,6.81%,23.62
2014-01-09,30.72,29.88,32.82,29.80,103249,1.61亿,9.72%,25.81
2014-01-10,28.96,28.78,29.70,27.92,50293,7239万,5.96%,12.57
2014-01-13,28.78,28.42,29.44,28.02,31405,4494万,4.93%,7.85
2014-01-14,28.16,31.26,31.26,28.16,62857,9437万,10.91%,15.71
2014-01-15,32.28,31.48,32.72,30.76,98193,1.55亿,6.27%,24.55
2014-01-16,31.86,32.88,33.08,30.94,86573,1.38亿,6.80%,21.64
2014-01-17,32.12,31.34,32.46,31.34,53479,8486万,3.41%,13.37
2014-01-20,31.36,32.44,34.22,30.78,92313,1.52亿,10.98%,23.08
2014-01-21,31.70,34.34,34.68,31.64,97294,1.60亿,9.37%,24.32
2014-01-22,34.08,33.74,34.26,32.98,75906,1.27亿,3.73%,18.98
2014-01-23,33.48,33.74,34.26,33.32,53996,9095万,2.79%,13.5
2014-01-24,33.56,33.70,35.48,32.70,80519,1.37亿,8.24%,20.13
2014-01-27,32.92,32.42,34.66,32.34,59032,9836万,6.88%,14.76
2014-01-28,32.52,35.66,35.66,31.30,103188,1.72亿,13.45%,25.8
2014-01-29,36.42,36.14,37.48,34.88,129782,2.33亿,7.29%,32.45
2014-01-30,36.10,34.70,36.14,34.54,61359,1.08亿,4.43%,15.34
2014-02-07,34.50,36.60,37.26,34.12,73266,1.32亿,9.05%,18.32
2014-02-10,36.16,37.16,37.96,35.80,93057,1.71亿,5.90%,23.26
2014-02-11,37.88,39.50,40.72,36.50,108827,2.09亿,11.36%,27.21
2014-02-12,38.28,38.22,38.68,37.28,72012,1.36亿,3.54%,18
2014-02-13,37.72,36.46,38.84,36.46,52474,9859万,6.23%,13.12
2014-02-14,36.32,36.90,37.20,35.32,43146,7814万,5.16%,10.79
2014-02-17,36.78,39.12,39.24,36.48,57404,1.09亿,7.48%,14.35
2014-02-18,38.82,37.84,39.42,37.72,47585,9098万,4.35%,11.9
2014-02-19,37.42,36.60,38.16,36.20,35990,6640万,5.18%,9
2014-02-20,36.62,35.62,37.00,35.16,35034,6245万,5.03%,8.76
2014-02-21,35.88,36.42,36.66,35.52,26634,4791万,3.20%,6.66
2014-02-24,36.36,37.00,37.22,35.52,31327,5677万,4.67%,7.83
2014-02-25,36.90,33.32,37.88,33.32,53232,9491万,12.32%,13.31
2014-02-26,32.16,32.52,33.20,31.12,25665,4119万,6.24%,6.42
2014-02-27,32.72,31.12,33.66,30.92,24855,3988万,8.43%,6.21
2014-02-28,31.28,31.72,31.84,30.62,18869,2938万,3.92%,4.72
2014-03-03,32.12,32.46,32.50,31.84,20195,3243万,2.08%,5.05
2014-03-04,33.12,33.98,35.12,33.12,37598,6370万,6.16%,9.4
2014-03-05,34.12,33.64,34.12,33.14,24344,4057万,2.88%,6.09
2014-03-06,33.28,32.82,33.54,32.12,19915,3235万,4.22%,4.98
2014-03-07,32.62,32.42,32.96,32.02,15007,2429万,2.86%,3.75
2014-03-10,32.02,29.98,32.02,29.78,19721,2995万,6.91%,4.93
2014-03-11,29.72,29.86,30.38,29.14,11841,1760万,4.14%,2.96
2014-03-12,29.86,29.50,30.18,28.78,11712,1716万,4.69%,2.93
2014-03-13,29.62,30.30,30.30,29.54,10949,1637万,2.58%,2.74
2014-03-14,30.06,30.48,30.80,29.74,13345,2011万,3.50%,3.34
2014-03-17,30.52,31.38,31.46,30.32,14423,2229万,3.74%,3.61
2014-03-18,31.50,32.10,32.64,31.38,20982,3355万,4.02%,5.25
2014-03-19,32.02,31.68,32.02,31.16,11034,1731万,2.68%,2.76
2014-03-20,31.58,30.96,32.54,30.94,16606,2638万,5.05%,4.15
2014-03-21,30.40,32.84,33.32,30.32,26409,4205万,9.69%,6.6
2014-03-24,32.86,33.54,35.44,32.66,33796,5754万,8.47%,8.45
2014-03-25,33.02,35.66,35.72,32.96,42916,7424万,8.23%,10.73
2014-03-26,35.66,36.06,36.10,34.72,27482,4839万,3.87%,6.87
2014-03-27,35.76,34.16,35.78,34.16,17404,3025万,4.49%,4.35
2014-03-28,34.14,30.76,34.14,30.76,24048,3834万,9.89%,6.01
2014-03-31,29.92,28.72,29.94,27.70,42452,6038万,7.28%,10.61
2014-04-01,28.30,30.08,30.42,27.16,31428,4555万,11.35%,7.86
2014-04-02,29.82,28.84,29.82,28.28,21363,3069万,5.12%,5.34
2014-04-03,28.90,29.32,30.12,28.50,15799,2306万,5.62%,3.95
2014-04-04,29.30,29.56,29.86,28.62,15103,2207万,4.23%,3.78
2014-04-08,29.26,30.02,30.12,28.18,20249,2941万,6.56%,5.06
2014-04-09,29.88,30.12,30.70,29.56,22060,3314万,3.80%,5.51
2014-04-10,30.78,31.12,32.72,30.76,33979,5359万,6.51%,8.49
2014-04-11,30.14,31.28,31.90,30.14,23070,3578万,5.66%,5.77
2014-04-14,31.08,30.60,31.50,30.12,17748,2720万,4.41%,4.44
2014-04-15,30.52,30.58,30.90,30.22,11818,1798万,2.22%,2.95
2014-04-16,30.28,29.90,30.76,29.72,12194,1828万,3.40%,3.05
2014-04-17,30.00,30.08,30.58,29.96,7865,1187万,2.07%,1.97
2014-04-18,29.92,30.58,30.66,29.78,8851,1338万,2.93%,2.21
2014-04-21,30.18,30.24,30.60,29.88,9905,1489万,2.35%,2.48
2014-04-22,30.30,29.80,30.86,28.72,11014,1642万,7.08%,2.75
2014-04-23,29.44,28.54,30.00,28.32,12705,1843万,5.64%,3.18
2014-04-24,28.52,27.14,28.70,27.02,19490,2658万,5.89%,4.87
2014-04-25,27.14,27.16,27.86,26.72,11132,1520万,4.20%,2.78
2014-04-28,27.20,25.94,27.20,25.72,8472,1108万,5.45%,0.8
2014-04-29,25.78,26.44,26.44,25.78,6768,883万,2.54%,0.64
2014-04-30,26.56,27.00,27.12,26.30,8634,1143万,3.10%,0.81
2014-05-05,26.82,27.46,28.30,26.58,7861,1062万,6.37%,0.74
2014-05-06,27.34,28.16,28.52,27.26,12546,1756万,4.59%,1.18
2014-05-07,27.96,26.94,28.00,26.94,9337,1277万,3.76%,0.88
2014-05-08,26.82,27.46,27.82,26.82,7583,1037万,3.71%,0.72
2014-05-09,27.22,28.02,28.18,26.82,10207,1409万,4.95%,0.96
2014-05-12,28.16,28.46,28.50,27.82,11964,1680万,2.43%,1.13
2014-05-13,28.52,28.66,28.68,27.78,11606,1633万,3.16%,1.09
2014-05-14,28.54,28.74,28.88,28.28,7560,1074万,2.09%,0.71
2014-05-15,28.74,28.40,29.00,27.94,8422,1192万,3.69%,0.79
2014-05-16,29.08,28.32,29.52,27.56,18768,2690万,6.90%,1.77
2014-05-19,27.26,27.56,27.92,27.00,6957,948万,3.25%,0.66
2014-05-20,27.84,27.72,28.56,27.66,6539,912万,3.27%,0.62
2014-05-21,27.72,28.44,28.44,27.56,7444,1038万,3.17%,0.7
2014-05-22,28.44,28.44,29.14,28.40,9629,1376万,2.60%,0.91
2014-05-23,28.58,29.36,29.52,28.48,16162,2336万,3.66%,1.52
2014-05-26,29.70,29.50,29.70,28.36,19159,2778万,4.56%,1.81
2014-05-27,29.36,30.50,30.56,29.08,25018,3743万,5.02%,2.36
2014-05-28,30.42,31.18,31.48,30.10,30310,4659万,4.52%,2.86
2014-05-29,32.12,32.66,34.10,31.58,50557,8212万,8.08%,4.77
2014-05-30,31.96,31.78,32.44,31.38,24605,3898万,3.25%,2.32
2014-06-03,31.66,31.20,32.06,31.18,17037,2664万,2.77%,1.61
2014-06-04,31.22,31.88,32.26,30.92,18674,2939万,4.29%,1.76
2014-06-05,32.04,31.86,32.12,31.20,12889,2034万,2.89%,1.22
2014-06-06,31.92,31.46,32.36,31.26,12464,1967万,3.45%,1.18
2014-06-09,31.38,30.68,31.40,30.22,16817,2563万,3.75%,1.59
2014-06-10,30.76,32.36,32.60,30.34,20703,3239万,7.37%,1.95
2014-06-11,32.16,32.00,32.36,30.88,15204,2415万,4.57%,1.43
2014-06-12,31.92,31.54,31.92,31.32,13067,2051万,1.88%,1.23
2014-06-13,31.32,33.14,33.14,31.28,28615,4621万,5.90%,2.7
2014-06-16,32.94,34.08,35.56,32.94,46487,7905万,7.91%,4.39
2014-06-17,34.20,33.28,34.20,33.02,21952,3652万,3.46%,2.07
2014-06-18,33.08,33.14,33.48,32.52,14041,2302万,2.88%,1.32
2014-06-19,33.36,32.14,33.68,30.40,28833,4616万,9.90%,2.72
2014-06-20,32.08,32.84,32.96,31.38,20750,3354万,4.92%,1.96
2014-06-23,32.78,32.90,33.46,32.58,16272,2675万,2.68%,1.54
2014-06-24,32.90,32.98,33.24,32.66,12246,2008万,1.76%,1.16
2014-06-25,33.14,32.86,33.14,32.16,12845,2079万,2.97%,1.21
2014-06-26,33.12,34.06,34.34,32.76,29032,4879万,4.81%,2.74
2014-06-27,33.94,33.86,34.26,33.46,19600,3302万,2.35%,1.85
2014-06-30,33.86,34.26,34.48,33.46,15039,2550万,3.01%,1
2014-07-01,34.58,34.86,34.86,34.16,15866,2729万,2.04%,1.05
2014-07-02,34.86,35.68,36.06,34.64,35356,6248万,4.07%,2.35
2014-07-03,35.34,35.46,35.78,35.32,15354,2716万,1.29%,1.02
2014-07-04,35.48,35.76,35.86,34.86,14660,2586万,2.82%,0.97
2014-07-07,35.76,36.22,36.24,34.70,19043,3379万,4.31%,1.26
2014-07-08,37.02,38.26,39.10,36.92,64927,1.23亿,6.02%,4.31
2014-07-09,37.58,36.66,37.70,36.64,28751,5309万,2.77%,1.91
2014-07-10,36.52,36.56,37.14,35.78,17678,3209万,3.71%,1.17
2014-07-11,36.76,36.32,36.86,36.12,9925,1801万,2.02%,0.66
2014-07-14,36.24,36.32,36.70,35.36,13269,2375万,3.69%,0.88
2014-07-15,36.56,36.34,37.54,35.98,21451,3909万,4.30%,1.42
2014-07-16,36.16,37.00,37.04,35.54,18441,3351万,4.13%,1.22
2014-07-17,36.70,36.28,37.36,35.96,9930,1816万,3.78%,0.66
2014-07-18,36.56,36.50,36.56,35.44,20201,3605万,3.09%,1.34
2014-07-21,36.50,33.60,36.50,33.28,42156,7306万,8.82%,2.8
2014-07-22,33.22,34.94,35.26,32.62,18390,3154万,7.86%,1.22
2014-07-23,34.72,33.94,35.06,33.76,8193,1401万,3.72%,0.54
2014-07-24,34.46,34.08,34.68,33.28,6070,1027万,4.12%,0.4
2014-07-25,34.02,34.78,35.08,33.76,9373,1615万,3.87%,0.62
2014-07-28,34.80,34.86,35.02,34.16,13476,2320万,2.47%,0.89
2014-07-29,34.56,34.88,35.02,34.48,11901,2062万,1.55%,0.79
2014-07-30,34.72,34.34,34.72,33.16,11050,1883万,4.47%,0.73
2014-07-31,34.16,34.38,34.70,34.00,6227,1064万,2.04%,0.41
2014-08-01,34.16,33.80,34.46,33.46,9218,1551万,2.91%,0.61
2014-08-04,34.10,34.12,34.32,33.52,7936,1342万,2.37%,0.53
2014-08-05,34.30,34.76,35.10,34.06,12052,2085万,3.05%,0.8
2014-08-06,34.36,34.90,35.00,34.36,7418,1285万,1.84%,0.49
2014-08-07,35.10,34.90,35.24,34.62,8826,1531万,1.78%,0.59
2014-08-08,34.76,35.16,35.16,34.76,9093,1582万,1.15%,0.6
2014-08-11,35.22,35.76,36.00,35.22,15816,2810万,2.22%,1.05
2014-08-12,35.94,36.22,36.52,35.56,12654,2272万,2.68%,0.84
2014-08-13,36.38,36.20,37.12,35.76,8749,1578万,3.75%,0.58
2014-08-14,36.16,36.36,36.72,35.98,12132,2197万,2.04%,0.8
2014-08-15,36.18,36.60,36.64,35.98,12069,2186万,1.82%,0.8
2014-08-18,36.76,37.76,37.86,36.72,18468,3442万,3.11%,1.23
2014-08-19,37.56,37.62,37.92,37.00,14776,2757万,2.44%,0.98
2014-08-20,37.66,37.24,38.06,37.12,11960,2238万,2.50%,0.79
2014-08-21,37.22,36.94,37.26,36.16,14336,2619万,2.95%,0.95
2014-08-22,37.00,37.46,37.68,36.78,13149,2445万,2.44%,0.87
2014-08-25,38.08,36.92,38.08,36.56,13237,2459万,4.06%,0.88
2014-08-26,37.04,36.46,37.04,35.74,13684,2468万,3.52%,0.91
2014-08-27,36.16,36.22,36.56,35.96,7653,1383万,1.65%,0.51
2014-08-28,36.22,36.56,37.54,36.22,20020,3688万,3.64%,1.33
2014-08-29,36.14,36.54,36.76,36.12,6875,1250万,1.75%,0.46
2014-09-01,36.58,37.66,37.66,36.58,16551,3070万,2.96%,1.1
2014-09-02,37.58,37.82,38.22,37.46,26083,4915万,2.02%,1.73
2014-09-03,38.26,38.88,39.32,37.96,34127,6557万,3.60%,2.26
2014-09-04,38.76,38.86,40.32,38.54,34660,6779万,4.58%,2.3
2014-09-05,39.16,38.56,39.36,37.96,17160,3281万,3.60%,1.14
2014-09-09,38.32,38.68,38.86,38.16,15470,2969万,1.82%,1.03
2014-09-10,38.38,39.44,39.54,38.00,23622,4570万,3.98%,1.57
2014-09-11,39.36,39.56,39.88,38.62,17632,3461万,3.19%,1.17
2014-09-12,39.52,39.06,40.76,38.72,48720,9610万,5.16%,3.23
2014-09-15,38.52,39.14,39.26,37.92,36668,7030万,3.43%,2.43
2014-09-16,39.18,37.98,39.32,37.16,28494,5421万,5.52%,1.89
2014-09-17,38.04,37.66,38.04,36.58,12665,2354万,3.84%,0.84
2014-09-18,37.76,38.92,39.72,37.58,24807,4800万,5.68%,1.65
2014-09-19,38.76,39.86,39.96,38.28,29701,5831万,4.32%,1.97
2014-09-22,39.56,38.76,39.82,38.40,23082,4481万,3.56%,1.53
2014-09-23,38.84,40.08,40.16,38.38,26116,5140万,4.59%,1.73
2014-09-24,40.18,39.98,40.48,39.26,34874,6906万,3.04%,2.31
2014-09-25,40.46,40.06,40.72,39.52,26348,5262万,3.00%,1.75
2014-09-26,39.78,39.48,40.04,39.06,22028,4321万,2.45%,1.46
2014-09-30,37.16,37.84,37.98,36.28,71141,1.31亿,4.31%,4.72
2014-10-08,37.38,38.36,38.48,37.20,36335,6858万,3.38%,2.41
2014-10-09,38.18,38.14,38.36,37.80,21169,4017万,1.46%,1.4
2014-10-10,37.80,39.28,39.32,37.58,32292,6198万,4.56%,2.14
2014-10-13,38.88,38.32,38.96,37.98,26441,5056万,2.49%,1.75
2014-10-14,38.20,38.40,38.74,37.92,13797,2636万,2.14%,0.92
2014-10-15,38.18,38.40,38.56,37.76,14154,2692万,2.08%,0.94
2014-10-16,37.96,37.16,38.32,37.16,12719,2400万,3.02%,0.84
2014-10-17,37.24,35.96,37.46,34.76,18048,3228万,7.27%,1.2
2014-10-20,36.08,35.58,36.14,35.40,14878,2643万,2.06%,0.99
2014-10-21,35.96,35.62,36.10,35.32,11028,1953万,2.19%,0.73
2014-10-22,35.74,35.16,35.76,35.16,8847,1564万,1.68%,0.59
2014-10-23,35.26,35.32,35.56,34.56,13204,2303万,2.84%,0.88
2014-10-24,35.32,35.42,35.60,35.20,7127,1257万,1.13%,0.47
2014-10-27,35.42,36.36,36.50,35.22,12627,2262万,3.61%,0.84
2014-10-28,36.36,37.06,37.54,36.36,16474,3043万,3.25%,1.09
2014-10-29,37.56,37.22,37.84,37.10,15909,2959万,2.00%,1.06
2014-10-30,37.46,36.44,37.66,36.44,13679,2509万,3.28%,0.91
2014-10-31,36.68,36.60,37.08,36.38,7407,1352万,1.92%,0.49
2014-11-03,37.02,36.96,37.08,36.70,9156,1684万,1.04%,0.61
2014-11-04,37.12,36.16,37.12,35.58,9998,1818万,4.17%,0.66
2014-11-05,36.16,35.84,36.32,35.62,10363,1848万,1.94%,0.69
2014-11-06,35.84,36.40,36.48,35.56,8838,1583万,2.57%,0.59
2014-11-07,36.40,36.28,36.74,36.00,8684,1573万,2.03%,0.58
2014-11-10,36.50,35.98,36.50,35.34,10936,1949万,3.20%,0.73
2014-11-11,36.14,35.26,36.14,33.74,16685,2874万,6.67%,1.11
2014-11-12,35.86,35.28,35.86,34.84,8905,1570万,2.89%,0.59
2014-11-13,34.96,33.94,35.28,33.76,9925,1685万,4.31%,0.66
2014-11-14,33.76,34.26,34.56,33.70,8398,1432万,2.53%,0.56
2014-11-17,34.32,34.96,35.20,33.86,6843,1179万,3.91%,0.45
2014-11-18,34.96,36.04,36.40,34.96,15963,2855万,4.12%,1.06
2014-11-19,36.08,35.98,36.66,35.44,9350,1677万,3.39%,0.62
2014-11-20,35.92,36.34,36.50,35.48,12191,2193万,2.83%,0.81
2014-11-21,36.18,36.38,36.86,36.16,10994,2001万,1.93%,0.73
2014-11-24,36.62,36.36,36.92,36.00,9242,1684万,2.53%,0.61
2014-11-25,36.66,37.36,37.38,36.16,13746,2539万,3.36%,0.91
2014-11-26,37.46,39.96,41.08,36.98,41629,8141万,10.97%,2.76
2014-11-27,39.58,43.94,43.94,39.38,45939,9655万,11.41%,3.05
2014-11-28,45.08,46.22,47.30,44.16,37656,8603万,7.15%,2.5
2014-12-01,47.42,45.36,48.12,45.08,46335,1.07亿,6.58%,3.07
2014-12-02,44.56,46.26,46.72,44.28,26212,5997万,5.38%,1.74
2014-12-03,46.16,47.40,48.66,44.16,37983,8800万,9.73%,2.52
2014-12-04,46.98,48.12,49.32,46.98,29429,7019万,4.94%,1.95
2014-12-05,47.16,49.48,49.70,45.18,47066,1.11亿,9.39%,3.12
2014-12-08,48.16,48.70,49.36,47.16,48207,1.16亿,4.45%,3.2
2014-12-09,47.88,43.84,47.88,43.84,26498,5975万,8.30%,1.76
2014-12-10,43.76,44.16,46.12,39.48,38097,8110万,15.15%,2.53
2014-12-11,42.32,42.08,43.62,41.42,27233,5737万,4.98%,1.81
2014-12-12,42.18,44.92,44.92,41.76,22115,4812万,7.51%,1.47
2014-12-15,45.90,47.54,48.96,44.94,28459,6693万,8.95%,1.89
2014-12-16,47.48,46.66,48.06,45.40,17122,3946万,5.60%,1.14
2014-12-17,46.34,47.68,48.02,44.78,20623,4793万,6.94%,1.37
2014-12-18,47.20,46.52,47.70,46.46,13402,3137万,2.60%,0.89
2014-12-19,46.28,46.34,46.56,42.96,22300,4952万,7.74%,1.48
2014-12-22,46.14,42.06,46.14,41.72,21197,4446万,9.54%,1.41
2014-12-23,42.08,38.14,42.70,37.88,30337,5966万,11.46%,2.01
2014-12-24,38.34,38.46,40.16,37.40,29862,5756万,7.24%,1.98
2014-12-25,38.62,38.70,39.04,38.16,12089,2319万,2.29%,0.8
2014-12-26,38.70,38.58,38.86,37.58,11670,2223万,3.31%,0.77
2014-12-29,39.46,37.08,39.46,36.16,28794,5309万,8.55%,1.91
2014-12-30,36.94,35.54,36.94,34.16,37458,6548万,7.50%,2.49
2014-12-31,34.94,35.36,35.56,33.70,31490,5398万,5.23%,3.25
2015-01-05,35.12,33.56,35.12,31.84,90363,1.45亿,9.28%,9.31
2015-01-06,32.50,34.36,34.42,31.52,76919,1.26亿,8.64%,7.93
2015-01-07,33.76,33.54,34.10,32.82,45550,7566万,3.73%,4.69
2015-01-08,34.16,34.10,34.68,33.26,46487,7886万,4.23%,4.79
2015-01-09,33.94,34.00,35.36,33.80,40026,6877万,4.57%,4.13
2015-01-12,33.50,34.46,35.16,32.70,20277,3429万,7.24%,2.09
2015-01-13,35.76,35.56,35.76,34.06,55624,9677万,4.93%,5.73
2015-01-14,35.44,34.32,36.16,33.94,36357,6262万,6.24%,3.75
2015-01-15,34.10,33.56,34.32,33.36,34623,5801万,2.80%,3.57
2015-01-16,33.56,34.62,35.34,33.52,35068,5994万,5.42%,3.61
2015-01-19,34.16,34.52,36.16,32.62,49348,8594万,10.23%,5.09
2015-01-20,34.52,36.02,36.12,33.58,50373,8924万,7.36%,5.19
2015-01-21,36.12,36.74,37.92,36.12,63415,1.17亿,5.00%,6.54
2015-01-22,36.94,37.60,37.66,36.48,28947,5342万,3.21%,2.98
2015-01-23,37.60,36.32,37.60,36.16,32095,5862万,3.83%,3.31
2015-01-26,36.16,37.18,37.26,36.08,22078,4059万,3.25%,2.28
2015-01-27,37.20,39.56,39.56,37.18,50583,9657万,6.40%,5.21
2015-01-28,39.66,41.04,42.70,39.38,59451,1.22亿,8.39%,6.13
2015-01-29,39.76,40.12,40.98,39.16,28857,5760万,4.43%,2.97
2015-01-30,40.40,38.42,40.64,38.32,22190,4324万,5.78%,2.29
2015-02-02,37.72,38.76,39.26,37.16,20919,4014万,5.47%,2.16
2015-02-03,39.22,40.50,41.90,38.24,29008,5812万,9.44%,2.99
2015-02-04,40.12,40.28,41.06,39.92,23552,4736万,2.81%,2.43
2015-02-12,43.76,41.50,43.76,41.16,50720,1.07亿,6.45%,5.23
2015-02-13,42.14,41.92,42.84,41.36,34801,7271万,3.57%,3.59
2015-02-16,44.14,43.44,46.10,43.20,42375,9258万,6.92%,4.37
2015-02-17,42.86,42.28,42.86,41.72,31731,6687万,2.62%,3.27
2015-02-25,42.16,41.56,42.76,41.44,24461,5138万,3.12%,2.52
2015-02-26,41.20,41.70,42.08,40.36,18139,3733万,4.14%,1.87
2015-02-27,41.76,42.72,42.92,41.38,26480,5583万,3.69%,2.73
2015-03-02,42.56,43.70,44.30,42.38,34010,7355万,4.49%,3.51
2015-03-03,43.58,42.56,44.48,42.54,32097,6954万,4.44%,3.31
2015-03-04,42.56,43.46,43.76,42.26,21147,4557万,3.52%,2.18
2015-03-05,43.46,43.00,43.92,41.92,29925,6347万,4.60%,3.08
2015-03-06,44.14,43.72,46.66,43.46,47437,1.06亿,7.44%,4.89
2015-03-09,42.34,44.44,44.44,41.68,25800,5555万,6.31%,2.66
2015-03-10,44.54,45.58,46.34,44.16,31075,7000万,4.91%,3.2
2015-03-11,45.58,44.16,45.58,43.52,24835,5504万,4.52%,2.56
2015-03-12,44.16,45.56,45.76,43.22,29988,6656万,5.75%,3.09
2015-03-13,47.16,46.60,48.16,45.46,30098,6972万,5.93%,3.1
2015-03-16,47.62,48.46,49.70,46.46,44378,1.07亿,6.95%,4.57
2015-03-17,48.08,48.28,49.16,47.36,42165,1.01亿,3.71%,4.35
2015-03-18,48.62,53.10,53.10,48.62,70185,1.78亿,9.28%,7.23
2015-03-19,53.16,54.12,54.56,51.96,51255,1.36亿,4.90%,5.28
2015-03-20,53.92,59.52,59.52,53.06,70756,2.03亿,11.94%,7.29
2015-03-23,61.20,63.94,64.32,60.36,68558,2.13亿,6.65%,7.07
2015-03-24,65.20,67.52,68.82,62.66,92711,3.04亿,9.63%,9.55
2015-03-25,66.14,67.66,68.72,64.16,58946,1.96亿,6.75%,6.08
2015-03-26,65.16,60.92,65.16,60.92,45766,1.42亿,6.27%,4.72
2015-03-27,60.26,62.36,63.16,59.70,29167,8946万,5.68%,3.01
2015-03-30,61.90,67.56,67.94,59.40,48413,1.52亿,13.69%,4.99
2015-03-31,66.16,67.96,70.56,64.56,41531,1.42亿,8.88%,4.28
2015-04-01,67.76,71.50,74.16,67.76,35875,1.26亿,9.42%,3.7
2015-04-02,71.50,78.64,78.64,71.50,55556,2.13亿,9.99%,5.73
2015-04-03,78.66,79.30,81.00,75.16,49108,1.93亿,7.43%,5.06
2015-04-07,80.16,83.56,84.56,79.28,61266,2.52亿,6.66%,6.31
2015-04-08,82.52,91.08,91.50,79.90,67149,2.83亿,13.88%,6.92
2015-04-09,91.54,98.56,100.14,85.16,40197,1.91亿,16.45%,4.14
2015-04-10,96.16,108.40,108.40,94.76,34841,1.80亿,13.84%,3.59
2015-04-13,109.74,117.16,119.22,109.56,54668,3.18亿,8.91%,5.63
2015-04-14,113.90,105.46,115.10,105.46,73509,3.98亿,8.23%,7.58
2015-04-15,100.16,94.94,107.10,94.94,62476,3.12亿,11.53%,6.44
2015-04-16,94.56,100.50,104.42,91.32,64053,3.23亿,13.80%,6.6
2015-04-17,100.04,102.58,108.70,98.28,42402,2.19亿,10.37%,4.37
2015-04-20,101.18,106.96,109.36,93.44,50061,2.58亿,15.52%,5.16
2015-04-21,107.06,109.06,112.14,103.16,49346,2.67亿,8.40%,5.09
2015-04-22,106.36,108.96,112.12,103.32,57667,3.07亿,8.07%,5.94
2015-04-23,109.16,113.82,118.96,104.16,47101,2.66亿,13.58%,4.85
2015-04-24,110.16,113.74,117.92,109.36,32684,1.86亿,7.52%,3.37
2015-04-27,113.14,106.16,113.66,102.38,34507,1.87亿,9.92%,3.56
2015-04-28,106.46,99.60,106.50,95.56,31312,1.56亿,10.31%,3.23
2015-04-29,99.16,101.80,103.24,96.56,19571,9885万,6.71%,2.02
2015-04-30,101.80,100.38,102.30,97.32,39674,1.98亿,4.89%,4.09
2015-05-04,101.12,100.36,104.96,98.76,22999,1.18亿,6.18%,1.68
2015-05-05,99.96,99.66,104.48,97.16,20309,1.01亿,7.29%,1.48
2015-05-06,101.16,98.16,102.96,98.16,22335,1.12亿,4.82%,1.63
2015-05-07,97.76,98.70,103.16,93.56,27561,1.34亿,9.78%,2.01
2015-05-08,100.18,108.56,108.56,100.18,45174,2.37亿,8.49%,3.3
2015-05-11,113.96,119.40,119.40,111.28,37176,2.16亿,7.48%,2.72
2015-05-12,124.16,131.32,131.32,124.16,62072,4.03亿,6.00%,4.53
2015-05-13,124.18,144.16,144.44,121.52,53823,3.61亿,17.45%,3.93
2015-05-14,144.10,141.43,153.93,135.81,67188,3.31亿,12.57%,3.3
2015-05-15,133.56,142.76,144.84,128.03,51496,2.34亿,11.89%,2.53
2015-05-18,140.33,130.26,147.19,128.51,143740,6.59亿,13.09%,7.07
2015-05-19,125.80,123.67,126.73,117.25,214853,8.70亿,7.27%,10.57
2015-05-20,119.60,128.69,131.92,119.60,202933,8.55亿,9.97%,9.98
2015-05-21,127.62,127.23,130.53,124.35,140538,6.03亿,4.80%,6.91
2015-05-22,129.10,125.57,130.88,123.96,99787,4.25亿,5.44%,4.91
2015-05-25,122.57,122.39,126.58,119.00,100201,4.13亿,6.03%,4.93
2015-05-26,120.19,129.04,129.70,119.03,162952,6.86亿,8.71%,8.01
2015-05-27,129.40,125.24,130.85,124.05,110262,4.67亿,5.27%,5.42
2015-05-28,123.76,112.74,124.29,112.74,101437,4.09亿,9.23%,4.99
2015-05-29,111.16,111.37,115.20,101.81,84468,3.14亿,11.88%,4.15
2015-06-01,111.37,118.20,118.35,110.09,76364,2.98亿,7.41%,3.76
2015-06-02,118.97,125.89,125.98,117.52,110637,4.56亿,7.16%,5.44
2015-06-03,125.60,120.22,125.89,114.87,82305,3.37亿,8.75%,4.05
2015-06-04,119.72,114.52,119.72,108.25,74742,2.86亿,9.54%,3.68
2015-06-05,114.73,118.26,120.78,114.73,73532,2.93亿,5.29%,3.62
2015-06-08,118.65,113.45,119.54,109.97,59978,2.29亿,8.09%,2.95
2015-06-09,113.51,114.70,117.49,111.90,45248,1.74亿,4.92%,2.23
2015-06-10,115.02,113.06,118.47,112.94,88093,3.42亿,4.82%,4.33
2015-06-11,113.06,108.34,114.22,107.06,154503,5.72亿,6.33%,7.6
2015-06-12,108.79,110.72,111.58,108.19,90622,3.36亿,3.13%,4.46
2015-06-15,110.09,107.27,111.73,107.12,62411,2.29亿,4.16%,3.07
2015-06-16,105.64,97.74,105.64,97.20,73052,2.45亿,7.86%,3.59
2015-06-17,95.84,102.25,103.35,95.84,64114,2.14亿,7.69%,3.15
2015-06-18,103.11,94.80,103.11,93.76,56931,1.89亿,9.15%,2.8
2015-06-19,89.54,85.35,94.94,85.35,46428,1.40亿,10.12%,2.28
2015-06-23,85.65,88.29,88.83,78.55,73174,2.08亿,12.04%,3.6
2015-06-24,90.34,87.91,90.43,85.14,60352,1.78亿,5.99%,2.97
2015-06-25,88.08,82.32,88.65,80.39,56780,1.63亿,9.39%,2.79
2015-06-26,79.50,74.12,80.01,74.12,53784,1.39亿,7.14%,2.65
2015-06-29,80.04,66.73,80.04,66.73,78074,1.86亿,17.95%,3.84
2015-06-30,64.95,70.14,71.48,60.08,94589,2.08亿,17.09%,4.65
2015-07-01,68.63,63.16,73.38,63.16,94628,2.22亿,14.57%,4.65
2015-07-02,63.16,56.87,65.48,56.87,71898,1.45亿,13.64%,3.54
2015-07-03,52.47,52.35,59.81,51.31,95680,1.75亿,14.94%,4.71
2015-07-06,57.58,48.05,57.58,47.13,98455,1.72亿,19.97%,4.84
2015-07-07,45.64,43.27,46.24,43.27,38908,5710万,6.18%,1.91
2015-07-15,47.57,47.57,47.57,47.57,2687,429万,0.00%,0.13
2015-07-16,49.21,52.32,52.32,47.13,119309,2.00亿,10.93%,5.87
2015-07-17,55.21,57.55,57.55,54.46,80144,1.53亿,5.90%,3.94
2015-07-20,61.68,63.28,63.28,59.60,187154,3.95亿,6.40%,9.2
2015-07-21,63.46,69.58,69.58,63.28,203944,4.56亿,9.95%,10.03
2015-07-22,71.48,68.93,73.77,65.57,216290,5.07亿,11.78%,10.64
2015-07-23,68.07,75.79,75.79,68.07,182457,4.41亿,11.20%,8.97
2015-07-24,76.74,76.17,81.70,74.45,187591,4.95亿,9.56%,9.23
2015-07-27,73.00,68.57,75.94,68.57,132350,3.20亿,9.67%,6.51
2015-07-28,61.92,61.74,70.29,61.74,123287,2.61亿,12.47%,6.06
2015-07-29,63.46,66.14,66.14,56.04,113969,2.37亿,16.36%,5.61
2015-07-30,64.65,60.67,68.01,60.19,109016,2.38亿,11.81%,5.36
2015-07-31,57.70,58.12,61.98,56.48,70851,1.41亿,9.06%,3.48
2015-08-03,57.97,52.32,58.06,52.32,59736,1.08亿,9.86%,2.94
2015-08-04,53.96,57.55,57.55,52.77,56437,1.05亿,9.14%,2.78
2015-08-05,62.07,63.28,63.28,59.93,160270,3.37亿,5.83%,7.88
2015-08-06,59.96,60.91,62.48,59.24,111000,2.27亿,5.12%,5.46
2015-08-07,62.42,66.97,66.97,61.89,102942,2.26亿,8.34%,5.06
2015-08-10,70.29,71.90,73.65,68.51,157130,3.72亿,7.67%,7.73
2015-08-11,70.59,78.16,78.91,69.76,180316,4.49亿,12.72%,8.87
2015-08-12,75.82,78.07,83.06,74.90,149871,3.96亿,10.45%,7.37
2015-08-13,76.32,80.66,81.58,75.19,126797,3.37亿,8.18%,6.24
2015-08-14,81.88,78.46,82.08,77.87,101284,2.70亿,5.23%,4.98
2015-08-17,77.30,77.60,78.25,74.09,98333,2.51亿,5.30%,4.84
2015-08-18,77.27,69.85,80.69,69.85,114280,2.93亿,13.97%,5.62
2015-12-31,76.83,76.83,76.83,76.83,3536,912万,0.00%,0.17
2016-01-04,84.49,84.49,84.49,84.49,7558,2145万,0.00%,0.37
2016-01-05,86.24,92.93,92.93,77.96,281140,8.27亿,17.72%,13.83
2016-01-06,90.22,90.34,92.21,83.66,260988,7.73亿,9.21%,12.84
2016-01-07,86.33,81.34,86.78,81.34,43841,1.23亿,6.02%,2.16
2016-01-08,80.39,73.74,80.66,73.23,170846,4.36亿,9.13%,8.4
2016-01-11,69.70,66.37,69.70,66.37,69560,1.56亿,4.51%,3.42
2016-01-12,59.93,59.75,64.17,59.75,123171,2.51亿,6.67%,6.06
2016-01-13,60.64,54.43,61.29,54.20,112394,2.18亿,11.88%,5.53
2016-01-14,51.31,58.98,59.81,51.11,118830,2.22亿,15.99%,5.84
2016-01-15,57.43,53.66,58.26,53.10,101037,1.90亿,8.76%,4.97
2016-01-18,51.58,56.30,57.94,51.28,93017,1.73亿,12.40%,4.57
2016-01-19,55.98,61.92,61.92,55.68,109212,2.17亿,11.08%,5.37
2016-01-20,64.12,64.17,65.39,61.92,175458,3.76亿,5.61%,8.63
2016-01-21,62.27,60.19,66.28,60.19,138822,2.96亿,9.49%,6.83
2016-01-22,61.23,66.19,66.19,60.49,124022,2.64亿,9.47%,6.1
2016-01-25,68.60,67.74,69.25,64.68,147542,3.31亿,6.91%,7.26
2016-01-26,66.85,61.00,66.85,61.00,109288,2.32亿,8.64%,5.38
2016-01-27,59.78,62.87,63.16,54.91,136077,2.67亿,13.54%,6.69
2016-01-28,61.06,56.60,61.83,56.60,105246,2.08亿,8.31%,5.18
2016-01-29,54.55,59.21,61.00,54.55,92035,1.81亿,11.39%,4.53
2016-02-01,56.81,54.97,58.71,53.42,85073,1.61亿,8.93%,4.18
2016-02-02,56.33,60.43,60.43,55.03,84288,1.66亿,9.83%,4.15
2016-02-03,59.60,62.66,63.76,58.15,110830,2.26亿,9.29%,5.45
2016-02-04,62.07,63.61,65.10,61.86,123066,2.61亿,5.17%,6.05
2016-02-05,63.43,60.43,64.89,60.19,74769,1.55亿,7.38%,3.68
2016-02-15,56.93,61.83,63.31,56.19,66509,1.34亿,11.80%,3.27
2016-02-16,62.51,65.54,66.94,61.80,111297,2.41亿,8.31%,5.47
2016-02-17,65.72,70.89,72.05,64.06,159082,3.60亿,12.19%,7.82
2016-02-18,69.70,68.15,70.44,67.92,113257,2.63亿,3.56%,5.57
2016-02-19,68.51,74.96,74.96,68.27,111743,2.70亿,9.81%,5.5
2016-02-22,77.99,75.70,78.85,74.45,151990,3.89亿,5.86%,7.48
2016-02-23,75.64,76.65,79.38,74.48,140660,3.63亿,6.47%,6.92
2016-02-24,75.40,73.86,75.43,70.41,135366,3.33亿,6.55%,6.66
2016-02-25,73.80,66.52,75.88,66.49,147702,3.55亿,12.71%,7.26
2016-02-26,68.01,69.16,70.74,65.78,116676,2.68亿,7.46%,5.74
2016-02-29,66.76,62.27,67.44,62.27,70503,1.49亿,7.47%,3.47
2016-03-01,59.78,63.25,65.10,56.63,101185,2.05亿,13.59%,4.98
2016-03-02,62.48,66.14,67.03,61.44,108203,2.33亿,8.83%,5.32
2016-03-03,65.57,66.91,72.73,65.18,134321,3.11亿,11.41%,6.61
2016-03-04,65.54,63.31,70.80,61.09,123917,2.76亿,14.52%,6.09
2016-03-07,63.55,69.64,69.64,63.55,142256,3.24亿,9.62%,7
2016-03-08,69.79,73.98,76.03,63.76,208142,4.89亿,17.61%,10.24
2016-03-09,70.56,73.26,76.62,70.06,201909,5.01亿,8.87%,9.93
2016-03-10,74.15,69.40,75.40,68.60,136593,3.29亿,9.28%,6.72
2016-03-11,67.68,68.21,69.91,64.20,115609,2.61亿,8.22%,5.69
2016-03-14,69.67,75.02,75.02,69.11,142445,3.51亿,8.66%,7.01
2016-03-15,75.76,75.05,77.18,73.77,213011,5.41亿,4.55%,10.48
2016-03-16,76.38,73.86,76.89,72.28,149807,3.75亿,6.13%,7.37
2016-03-17,75.02,81.22,81.22,74.30,230093,6.08亿,9.37%,11.32
2016-03-18,81.88,87.82,89.33,81.07,301411,8.67亿,10.17%,14.82
2016-03-21,88.41,90.34,92.12,86.12,258803,7.69亿,6.83%,12.73
2016-03-22,87.99,86.57,88.71,85.74,183074,5.36亿,3.29%,9
2016-03-23,81.85,85.80,88.29,80.66,239843,6.74亿,8.82%,11.8
2016-03-24,82.77,88.47,94.05,81.88,271558,8.04亿,14.19%,13.36
2016-03-25,86.33,87.52,90.94,85.89,173482,5.14亿,5.71%,8.53
2016-03-28,87.52,83.42,89.75,82.32,140390,4.08亿,8.48%,6.9
2016-03-29,81.73,83.81,84.85,80.33,113392,3.15亿,5.41%,5.58
2016-03-30,85.41,88.68,88.95,84.58,138362,4.06亿,5.21%,6.81
2016-03-31,89.30,86.39,91.92,86.36,139217,4.14亿,6.26%,6.85
2016-04-01,85.08,84.10,85.71,82.50,92999,2.62亿,3.71%,4.57
2016-04-05,84.28,88.11,90.28,83.75,113166,3.30亿,7.77%,5.57
2016-04-06,87.99,88.47,90.73,87.01,127728,3.82亿,4.21%,6.28
2016-04-14,91.08,89.66,97.29,88.47,171816,5.33亿,9.97%,8.45
2016-04-15,88.50,86.57,89.27,85.74,105241,3.08亿,3.94%,5.18
2016-04-18,84.49,86.57,88.95,81.88,112182,3.19亿,8.17%,5.52
2016-04-19,85.83,84.76,87.19,84.13,61893,1.77亿,3.53%,3.04
2016-04-20,85.38,76.29,85.98,76.29,105822,2.82亿,11.42%,5.2
2016-04-21,75.64,71.42,75.70,71.04,81330,2.02亿,6.11%,4
2016-04-22,70.89,73.89,74.01,70.89,72065,1.75亿,4.37%,3.54
2016-04-25,73.83,72.46,74.36,71.07,50659,1.23亿,4.46%,2.49
2016-04-26,71.93,73.86,73.98,71.66,57021,1.40亿,3.20%,2.8
2016-04-27,74.30,74.57,76.98,73.71,84376,2.14亿,4.42%,4.15
2016-04-28,74.60,74.15,75.02,71.48,58861,1.45亿,4.74%,2.9
2016-04-29,73.56,72.76,74.42,72.34,41549,1.02亿,2.80%,2.04
2016-05-03,72.97,76.77,77.12,71.72,67115,1.69亿,7.43%,3.3
2016-05-04,76.23,75.85,77.39,75.49,62436,1.60亿,2.48%,3.07
2016-05-05,75.10,76.53,76.83,74.93,51032,1.30亿,2.51%,2.51
2016-05-06,76.68,69.34,77.27,69.11,89155,2.19亿,10.67%,4.38
2016-05-09,67.26,64.32,67.62,63.64,68944,1.52亿,5.74%,3.39
2016-05-10,64.89,64.44,65.51,63.88,37006,8035万,2.54%,1.82
2016-05-11,65.54,63.91,65.54,63.11,35249,7607万,3.78%,1.73
2016-05-12,62.24,64.06,64.92,59.66,47648,1.00亿,8.23%,2.34
2016-05-13,63.46,62.87,65.13,62.57,39885,8568万,3.99%,1.96
2016-05-16,62.84,64.80,64.80,62.04,40292,8625万,4.39%,1.98
2016-05-17,64.92,65.45,67.00,63.08,63242,1.38亿,6.05%,3.11
2016-05-18,64.12,63.88,65.48,61.17,58002,1.23亿,6.58%,2.85
2016-05-19,64.03,65.48,67.92,63.52,78172,1.74亿,6.88%,3.84
2016-05-20,64.09,66.85,67.32,64.09,56153,1.25亿,4.94%,2.76
2016-05-23,67.14,69.91,71.42,66.85,85478,2.00亿,6.84%,4.2
2016-05-24,69.37,67.95,70.62,67.14,55915,1.29亿,4.97%,2.75
2016-05-25,68.36,67.80,70.23,67.77,55362,1.28亿,3.63%,2.72
2016-05-26,66.79,69.58,70.00,65.60,61622,1.40亿,6.48%,3.03
2016-05-27,69.37,68.57,69.64,68.51,38239,8870万,1.62%,1.88
2016-05-30,67.74,66.70,68.36,66.02,34522,7774万,3.42%,1.7
2016-05-31,66.70,71.30,71.51,66.70,73083,1.72亿,7.21%,3.59
2016-06-01,71.45,70.98,72.55,70.59,65963,1.58亿,2.75%,3.24
2016-06-02,70.89,73.29,73.86,70.56,79823,1.95亿,4.64%,3.93
2016-06-03,72.91,72.40,74.12,71.72,68890,1.68亿,3.28%,3.39
2016-06-06,72.08,71.69,73.11,70.98,49244,1.19亿,2.95%,2.42
2016-06-07,71.33,72.64,72.97,71.33,53283,1.30亿,2.28%,2.62
2016-06-08,72.43,72.70,73.11,71.36,51383,1.25亿,2.41%,2.53
2016-06-13,71.18,65.45,71.18,65.45,59585,1.38亿,7.88%,2.93
2016-06-14,63.70,64.03,65.51,63.16,37394,8065万,3.58%,1.84
2016-06-15,63.16,66.67,67.29,63.02,45876,1.02亿,6.68%,2.26
2016-06-16,66.42,68.15,69.69,65.74,57456,1.31亿,5.93%,2.83
2016-06-17,67.82,66.84,69.69,66.51,53870,1.23亿,4.66%,2.65
2016-06-20,66.57,67.58,68.50,66.21,45942,1.04亿,3.42%,2.26
2016-06-21,68.00,67.67,69.15,67.02,55080,1.26亿,3.16%,2.71
2016-06-22,68.44,72.81,74.20,67.16,138687,3.28亿,10.40%,6.82
2016-06-23,72.66,72.93,75.54,71.77,114739,2.84亿,5.18%,5.64
2016-06-24,73.46,70.02,73.46,68.26,104183,2.48亿,7.13%,5.12
2016-06-27,70.05,73.31,73.97,69.27,85499,2.06亿,6.70%,4.21
2016-06-28,72.66,74.47,75.01,72.45,99229,2.46亿,3.48%,4.88
2016-06-29,74.74,73.05,74.98,72.13,80101,1.97亿,3.83%,3.94
2016-06-30,73.22,75.24,75.93,73.08,109998,2.75亿,3.90%,5.22
2016-07-01,75.24,73.97,76.31,73.61,76199,1.91亿,3.59%,3.62
2016-07-04,72.72,74.80,75.24,72.45,74461,1.86亿,3.77%,3.53
2016-07-05,75.33,74.35,75.69,73.61,62546,1.56亿,2.78%,2.97
2016-07-06,74.23,73.34,74.23,73.02,52222,1.29亿,1.64%,2.48
2016-07-07,73.79,73.61,73.85,71.44,55052,1.34亿,3.28%,2.61
2016-07-08,73.52,74.00,74.74,72.51,49395,1.22亿,3.03%,2.34
2016-07-11,74.44,76.79,78.42,74.06,132289,3.39亿,5.90%,6.28
2016-07-12,76.28,78.96,78.96,75.75,133059,3.47亿,4.18%,6.31
2016-07-13,78.84,79.16,80.35,78.21,99342,2.64亿,2.71%,4.71
2016-07-14,78.60,80.44,80.74,77.62,95071,2.54亿,3.94%,4.51
2016-07-15,80.44,82.34,84.21,79.64,128962,3.54亿,5.69%,6.12
2016-07-18,81.96,80.65,81.96,79.85,68144,1.85亿,2.56%,3.23
2016-07-19,79.55,84.69,86.11,79.55,124360,3.47亿,8.14%,5.9
2016-07-20,84.12,81.69,84.51,81.27,101413,2.82亿,3.82%,4.81
2016-07-21,80.44,82.16,82.82,79.25,85589,2.33亿,4.36%,4.06
2016-07-22,81.07,78.09,81.99,77.77,78074,2.09亿,5.13%,3.71
2016-07-25,78.24,78.51,79.52,77.80,40680,1.07亿,2.21%,1.93
2016-07-26,78.69,79.40,79.61,78.09,36324,9631万,1.93%,1.72
2016-07-27,79.52,71.83,79.55,71.50,94459,2.37亿,10.14%,4.48
2016-07-28,70.91,73.46,73.91,69.39,56415,1.36亿,6.29%,2.68
2016-07-29,80.80,77.50,80.80,75.33,141802,3.74亿,7.44%,6.73
2016-08-01,74.50,71.35,75.10,69.78,99572,2.44亿,6.86%,4.73
2016-08-02,70.08,75.63,78.09,70.08,97053,2.45亿,11.24%,4.61
2016-08-03,74.50,76.61,77.38,72.78,83398,2.09亿,6.09%,3.96
2016-08-04,76.43,76.46,77.65,75.69,62989,1.62亿,2.56%,2.99
2016-08-05,75.99,76.85,77.74,75.69,65290,1.68亿,2.68%,3.1
2016-08-08,76.22,79.67,79.79,72.87,86428,2.24亿,9.01%,4.1
2016-08-09,79.67,80.89,81.04,79.02,65916,1.77亿,2.54%,3.13
2016-08-10,80.29,79.25,81.81,78.99,52212,1.41亿,3.49%,2.48
2016-08-11,79.02,80.38,82.82,79.02,104026,2.85亿,4.80%,4.94
2016-08-12,80.65,82.76,83.26,79.10,84554,2.32亿,5.17%,4.01
2016-08-15,83.05,83.38,85.13,81.24,103223,2.88亿,4.70%,4.9
2016-08-16,82.67,81.90,83.20,81.63,54736,1.51亿,1.89%,2.6
2016-08-17,82.25,81.01,82.43,78.99,61019,1.64亿,4.21%,2.9
2016-08-18,80.44,80.98,81.87,79.85,36586,9927万,2.49%,1.74
2016-08-19,80.86,79.10,81.01,78.84,39591,1.06亿,2.68%,1.88
2016-08-22,78.96,78.96,79.91,78.01,43277,1.15亿,2.40%,2.05
2016-08-23,78.90,78.18,79.61,77.47,27193,7191万,2.71%,1.29
2016-08-24,78.66,81.15,81.78,78.24,59075,1.60亿,4.52%,2.8
2016-08-25,80.44,79.79,80.74,77.06,53126,1.41亿,4.54%,2.52
2016-08-26,78.87,79.79,82.37,78.87,58279,1.58亿,4.39%,2.77
2016-08-29,79.25,82.37,82.37,77.50,77496,2.10亿,6.10%,3.68
2016-08-30,81.99,83.00,83.32,81.33,63530,1.76亿,2.42%,3.01
2016-08-31,83.41,83.35,84.51,81.78,55596,1.55亿,3.29%,2.64
2016-09-01,83.41,83.00,85.07,81.93,77155,2.17亿,3.78%,3.66
2016-09-02,82.25,86.95,87.15,81.93,104866,2.99亿,6.30%,4.98
2016-09-05,86.38,87.51,87.81,84.81,132315,3.84亿,3.45%,6.28
2016-09-06,86.35,84.27,86.35,83.41,126971,3.60亿,3.36%,6.03
2016-09-07,83.92,82.49,83.92,82.22,77322,2.15亿,2.01%,3.67
2016-09-08,82.19,81.81,83.05,80.53,68017,1.87亿,3.06%,3.23
2016-09-09,81.81,82.88,83.68,81.18,80940,2.25亿,3.05%,3.84
2016-09-12,81.04,76.13,81.04,75.99,70623,1.86亿,6.09%,3.35
2016-09-13,76.43,75.54,77.17,75.45,42945,1.10亿,2.26%,2.04
2016-09-14,75.36,75.21,76.49,74.89,30361,7719万,2.12%,1.44
2016-09-19,75.21,76.02,76.79,75.21,23305,5950万,2.09%,1.11
2016-09-20,76.05,74.50,76.55,74.03,36651,9227万,3.32%,1.74
2016-09-21,74.41,75.24,75.45,74.41,26710,6731万,1.40%,1.27
2016-09-22,75.99,75.36,76.02,75.24,22464,5697万,1.03%,1.07
2016-09-23,75.75,75.90,76.28,75.01,26550,6753万,1.69%,1.26
2016-09-26,75.72,72.72,76.19,72.42,30673,7657万,4.97%,1.46
2016-09-27,72.42,73.49,73.88,70.97,22293,5413万,4.00%,1.06
2016-09-28,73.19,72.69,73.61,72.45,11942,2924万,1.58%,0.57
2016-09-29,73.61,73.28,73.97,72.87,15967,3937万,1.51%,0.76
2016-09-30,73.05,73.37,73.76,72.96,10004,2465万,1.09%,0.47
2016-10-10,74.06,76.58,77.38,74.06,35932,9165万,4.53%,1.71
2016-10-11,76.55,76.64,77.44,76.08,27335,7037万,1.78%,1.3
2016-10-12,76.61,76.25,77.26,75.99,22283,5731万,1.67%,1.06
2016-10-13,76.05,75.66,76.73,75.42,21336,5433万,1.71%,1.01
2016-10-14,75.66,76.73,77.47,74.98,42958,1.10亿,3.30%,2.04
2016-10-17,77.11,75.69,78.90,75.10,51674,1.34亿,4.95%,2.45
2016-10-18,75.27,76.67,76.76,75.10,29846,7627万,2.20%,1.42
2016-10-19,77.50,76.25,77.56,75.93,24951,6398万,2.13%,1.18
2016-10-20,77.41,78.81,78.81,75.99,47542,1.23亿,3.70%,2.26
2016-10-21,78.81,80.26,80.29,77.77,89047,2.36亿,3.20%,4.23
2016-10-24,79.46,79.70,80.38,78.90,34738,9278万,1.85%,1.65
2016-10-25,79.85,78.57,80.00,78.36,27651,7324万,2.05%,1.31
2016-10-26,78.90,78.33,78.90,76.28,34678,9017万,3.33%,1.65
2016-10-27,76.85,78.09,78.90,76.82,39849,1.04亿,2.65%,1.89
2016-10-28,79.79,79.79,81.30,78.12,97651,2.62亿,4.07%,4.63
2016-10-31,79.55,80.71,82.97,78.66,66734,1.81亿,5.40%,3.17
2016-11-01,80.44,81.33,82.07,80.14,59819,1.63亿,2.39%,2.84
2016-11-02,81.57,81.69,83.38,81.36,83952,2.33亿,2.48%,3.98
2016-11-03,80.95,82.49,83.86,80.47,68999,1.91亿,4.14%,3.27
2016-11-04,82.55,83.00,83.71,82.16,49044,1.36亿,1.87%,2.33
2016-11-07,83.11,83.38,83.38,81.36,44740,1.23亿,2.43%,2.12
2016-11-08,83.50,83.38,83.86,82.70,37381,1.05亿,1.39%,1.77
2016-11-09,83.98,82.49,84.75,80.47,48012,1.33亿,5.13%,2.28
2016-11-10,83.56,82.94,84.06,82.49,35110,9793万,1.91%,1.67
2016-11-11,82.82,85.46,85.76,82.82,55232,1.57亿,3.55%,2.62
2016-11-14,86.26,86.32,89.29,85.46,97686,2.87亿,4.48%,4.64
2016-11-15,85.64,89.32,89.80,85.49,71991,2.13亿,4.99%,3.42
2016-11-16,89.44,87.69,90.24,85.67,62898,1.86亿,5.12%,2.99
2016-11-17,87.39,87.81,90.15,86.86,57995,1.73亿,3.76%,2.75
2016-11-18,92.32,94.43,95.20,91.58,184496,5.77亿,4.13%,8.76
2016-11-21,95.20,103.85,103.85,93.51,145362,4.85亿,10.95%,6.9
2016-11-22,103.91,101.41,103.91,98.26,128099,4.34亿,5.43%,6.08
2016-11-23,100.04,106.31,109.10,98.32,143250,4.97亿,10.63%,6.8
2016-11-24,104.20,103.61,107.68,102.42,85728,3.02亿,4.94%,4.07
2016-11-25,101.77,101.17,103.13,96.42,72653,2.45亿,6.48%,3.45
2016-11-28,100.04,98.41,101.53,97.67,62556,2.08亿,3.82%,2.97
2016-11-29,99.18,95.23,101.08,93.81,99121,3.22亿,7.39%,4.7
2016-11-30,94.25,96.51,97.31,91.73,80779,2.56亿,5.86%,3.83
2016-12-01,95.32,94.40,96.33,94.07,64013,2.04亿,2.34%,3.04
2016-12-02,94.70,90.21,95.56,89.08,79624,2.45亿,6.86%,3.78
2016-12-05,88.07,90.39,91.07,87.81,52867,1.59亿,3.62%,2.51
2016-12-06,90.78,89.11,91.67,88.79,44166,1.34亿,3.19%,2.1
2016-12-07,88.40,90.84,91.01,88.40,42741,1.29亿,2.93%,2.03
2016-12-08,90.84,88.52,91.10,87.84,43985,1.32亿,3.60%,2.09
2016-12-09,88.91,91.73,91.73,87.87,71761,2.17亿,4.36%,3.41
2016-12-12,91.13,86.98,91.40,86.47,70077,2.10亿,5.37%,3.33
2016-12-13,85.31,86.11,86.98,84.04,44598,1.28亿,3.38%,2.12
2016-12-14,85.49,81.18,86.62,79.91,67398,1.89亿,7.79%,3.2
2016-12-15,81.21,82.28,83.56,80.44,58678,1.62亿,3.84%,2.78
2016-12-16,82.28,83.41,83.98,81.33,44118,1.23亿,3.21%,2.09
2016-12-19,82.40,81.63,82.79,80.77,42109,1.16亿,2.42%,2
2016-12-20,81.63,85.37,85.46,81.18,49803,1.39亿,5.24%,2.36
2016-12-21,84.66,84.90,85.61,83.65,45166,1.28亿,2.30%,2.14
2016-12-22,84.90,83.20,84.90,82.61,33446,9387万,2.69%,1.59
2016-12-23,82.82,82.34,84.24,81.99,32278,8985万,2.71%,1.53
2016-12-26,81.78,82.37,83.29,77.47,35320,9555万,7.07%,1.68
2016-12-27,81.93,82.61,83.17,81.21,38156,1.05亿,2.38%,1.81
2016-12-28,82.13,83.59,84.24,81.93,39506,1.11亿,2.80%,1.87
2016-12-29,82.94,82.34,84.87,81.96,43179,1.21亿,3.48%,2.05
2016-12-30,81.63,74.14,81.69,74.14,143848,3.71亿,9.16%,6.83
2017-01-03,71.65,74.50,74.89,70.46,93942,2.28亿,5.97%,4.46
2017-01-04,73.49,74.06,75.39,72.66,63773,1.59亿,3.67%,3.03
2017-01-05,73.64,73.08,74.71,73.05,43574,1.08亿,2.25%,2.07
2017-01-06,73.40,71.44,74.00,70.94,50738,1.23亿,4.19%,2.41
2017-01-09,71.80,71.92,72.27,70.97,38242,9186万,1.83%,1.81
2017-01-10,72.57,71.29,72.57,71.12,36525,8777万,2.02%,1.73
2017-01-11,71.26,68.23,71.65,67.97,50218,1.18亿,5.17%,2.38
2017-01-12,68.71,69.01,69.36,68.15,42214,9730万,1.78%,2
2017-01-13,69.45,67.46,69.69,67.31,41358,9497万,3.44%,1.96
2017-01-16,66.48,61.40,67.34,60.75,68323,1.45亿,9.77%,3.24
2017-01-17,60.96,63.81,65.26,58.76,70098,1.45亿,10.59%,3.33
2017-01-18,63.07,61.67,63.45,61.20,56248,1.17亿,3.54%,2.67
2017-01-19,61.31,61.43,62.44,60.90,36419,7539万,2.50%,1.73
2017-01-20,61.43,62.95,64.34,61.43,64720,1.37亿,4.74%,3.07
2017-01-23,65.23,69.21,69.21,65.09,127530,2.88亿,6.56%,6.05
2017-01-24,70.64,76.10,76.10,70.37,192746,4.73亿,8.28%,9.15
2017-01-25,78.07,73.08,79.08,71.32,184257,4.60亿,10.19%,8.74
2017-01-26,72.63,73.19,74.47,71.06,120201,2.94亿,4.67%,5.7
2017-02-03,73.31,71.09,73.40,70.58,75022,1.80亿,3.85%,3.56
2017-02-06,71.23,72.57,72.93,71.20,73059,1.77亿,2.42%,3.47
2017-02-07,72.51,72.60,72.60,71.14,65714,1.59亿,2.01%,3.12
2017-02-08,72.42,75.36,79.08,71.56,146482,3.70亿,10.35%,6.95
2017-02-09,74.95,82.88,82.88,74.56,177672,4.74亿,11.04%,8.43
2017-09-15,80.74,84.36,88.73,74.95,251892,6.76亿,16.63%,11.95
2017-09-18,83.65,79.34,88.64,78.66,214080,5.94亿,11.83%,10.16
2017-09-19,79.67,74.80,79.70,74.09,157354,4.02亿,7.08%,7.47
2017-09-20,73.67,74.74,75.39,72.78,109562,2.72亿,3.49%,5.2
2017-09-21,74.20,71.41,74.77,71.41,97256,2.37亿,4.49%,4.62
2017-09-22,71.56,71.50,72.93,70.97,58539,1.40亿,2.75%,2.78
2017-09-25,71.68,67.55,72.21,67.34,80370,1.85亿,6.81%,3.81
2017-09-26,65.20,65.89,66.93,64.25,78313,1.71亿,3.96%,3.72
2017-09-27,65.77,67.31,67.88,65.29,55384,1.24亿,3.92%,2.27
2017-09-28,67.79,64.94,67.82,64.94,42113,9308万,4.28%,1.73
2017-09-29,64.73,65.59,66.13,64.70,39855,8704万,2.20%,1.64
2017-10-09,66.54,72.10,72.10,65.32,96843,2.23亿,10.32%,3.98
2017-10-10,72.07,73.97,76.88,71.56,171305,4.27亿,7.37%,7.03
2017-10-11,72.87,74.14,76.16,72.21,96433,2.39亿,5.34%,3.96
2017-10-12,73.49,74.86,75.36,72.36,85522,2.12亿,4.05%,3.51
2017-10-13,74.35,73.02,74.74,72.48,76244,1.87亿,3.02%,3.13
2017-10-16,73.19,67.49,73.76,66.78,93980,2.19亿,9.56%,3.86
2017-10-17,67.11,68.86,70.19,67.11,52260,1.20亿,4.58%,2.15
2017-10-18,69.01,66.39,69.99,65.62,51843,1.17亿,6.34%,2.13
2017-10-19,66.42,68.26,68.26,66.42,50975,1.15亿,2.77%,2.09
2017-10-20,68.80,75.04,75.04,67.91,111980,2.71亿,10.44%,4.6
2017-10-23,75.99,73.08,76.52,72.54,126754,3.12亿,5.30%,5.2
2017-10-24,73.46,74.50,75.66,72.10,125070,3.09亿,4.88%,5.13
2017-10-25,73.16,74.14,74.59,73.16,68868,1.70亿,1.91%,2.83
2017-10-26,74.17,72.69,74.17,71.86,62913,1.53亿,3.12%,2.58
2017-10-27,73.11,74.17,74.77,72.51,98383,2.43亿,3.11%,4.04
2017-10-30,74.20,69.15,74.68,67.97,92622,2.20亿,9.05%,3.8
2017-10-31,68.50,71.20,71.68,68.50,65465,1.55亿,4.60%,2.69
2017-11-01,71.74,74.09,76.76,71.74,127404,3.17亿,7.05%,5.23
2017-11-02,74.80,75.04,75.87,73.31,136506,3.41亿,3.45%,5.6
2017-11-03,74.26,74.29,76.97,73.22,144669,3.65亿,4.99%,5.94
2017-11-06,74.29,77.59,77.71,73.43,148899,3.79亿,5.76%,6.11
2017-11-07,76.91,77.26,77.77,75.57,117431,3.00亿,2.83%,4.82
2017-11-08,76.25,73.97,76.25,72.30,165886,4.10亿,5.11%,6.81
2017-11-09,73.31,74.11,74.41,72.07,94491,2.31亿,3.17%,3.88
2017-11-10,74.11,74.80,75.27,72.72,97763,2.42亿,3.45%,4.01
2017-11-13,74.77,73.43,75.27,73.31,74977,1.86亿,2.62%,3.08
2017-11-14,73.64,70.46,73.94,69.84,96921,2.31亿,5.58%,3.98
2017-11-15,69.99,73.40,73.40,69.78,81296,1.95亿,5.14%,3.34
2017-11-16,72.72,71.23,74.03,71.23,57432,1.39亿,3.80%,2.36
2017-11-17,70.73,66.48,71.68,64.40,89363,2.04亿,10.22%,3.67
2017-11-20,65.29,67.34,67.34,63.81,47328,1.04亿,5.32%,1.94
2017-11-21,67.14,65.53,67.82,64.85,47561,1.05亿,4.41%,1.95
2017-11-22,65.89,62.83,66.13,61.94,64553,1.38亿,6.39%,2.65
2017-11-23,62.12,59.23,62.77,59.09,52760,1.08亿,5.86%,2.17
2017-11-24,59.23,59.29,60.33,58.97,39975,7950万,2.31%,1.64
2017-11-27,60.19,59.62,60.78,59.38,30956,6204万,2.35%,1.27
2017-11-28,59.65,61.40,61.49,59.65,37423,7570万,3.09%,1.54
2017-11-29,61.58,60.60,61.64,59.83,36845,7441万,2.95%,1.51
2017-11-30,60.60,61.02,61.31,60.10,28551,5787万,2.01%,1.17
2017-12-01,60.84,61.28,61.91,60.60,32988,6761万,2.14%,1.35
2017-12-04,61.20,55.64,61.22,55.23,78628,1.52亿,9.79%,3.23
2017-12-05,54.81,55.11,56.62,54.04,42109,7766万,4.64%,1.73
2017-12-06,54.93,56.53,56.74,54.75,36371,6787万,3.61%,1.49
2017-12-07,56.53,56.74,57.24,56.00,29057,5497万,2.21%,1.19
2017-12-08,56.12,58.31,58.61,56.12,38233,7393万,4.40%,1.57
2017-12-11,59.56,59.06,61.08,58.76,40552,8091万,3.97%,1.66
2017-12-12,59.95,57.72,59.95,57.63,23673,4610万,3.92%,0.97
2017-12-13,57.72,59.53,59.80,57.22,30884,6071万,4.48%,1.27
2017-12-14,59.00,59.06,59.80,58.91,21017,4155万,1.50%,0.86
2017-12-15,57.63,60.81,61.28,57.63,50303,1.02亿,6.19%,2.07
2017-12-18,60.90,58.58,60.90,58.40,38123,7543万,4.10%,1.57
2017-12-19,58.61,59.62,59.89,58.61,23780,4718万,2.18%,0.98
2017-12-20,59.50,57.13,59.50,56.44,38247,7333万,5.13%,1.57
2017-12-21,57.27,57.22,57.96,56.62,25514,4889万,2.34%,1.05
2017-12-22,58.11,57.22,58.11,57.04,21633,4144万,1.87%,0.89
2017-12-25,56.50,54.72,57.16,54.30,35143,6457万,4.98%,1.44
2017-12-26,54.48,56.09,56.32,54.48,27306,5058万,3.37%,1.12
2017-12-27,56.32,55.20,56.59,54.51,25693,4757万,3.71%,1.05
2017-12-28,54.87,55.31,56.26,54.75,26453,4908万,2.74%,1.09
2017-12-29,55.97,54.84,55.97,54.33,24373,4477万,2.95%,1
2018-01-02,55.14,56.12,56.47,54.90,30368,5652万,2.87%,1.25
2018-01-03,56.12,56.83,57.22,55.61,42142,7920万,2.86%,1.73
2018-01-04,57.27,56.21,57.27,55.73,36654,6857万,2.72%,1.5
2018-01-05,56.12,56.15,56.62,55.88,24453,4586万,1.32%,1
2018-01-08,56.98,56.41,58.46,56.41,41126,7844万,3.65%,1.69
2018-01-09,55.23,54.99,56.03,54.66,35635,6537万,2.42%,1.46
2018-01-10,54.72,55.20,55.70,54.16,29691,5429万,2.81%,1.22
2018-01-11,55.20,56.21,56.68,54.30,35974,6681万,4.30%,1.48
2018-01-12,56.29,54.72,56.56,54.66,26676,4931万,3.38%,1.1
2018-01-15,54.54,51.93,54.54,51.84,46626,8169万,4.94%,1.91
2018-01-16,51.63,51.22,52.82,51.22,26468,4592万,3.09%,1.09
2018-01-17,51.22,52.70,52.97,48.99,43950,7516万,7.77%,1.8
2018-01-18,52.31,52.73,53.71,52.05,31556,5579万,3.16%,1.3
2018-01-19,53.38,52.76,53.53,52.28,18751,3310万,2.37%,0.77
2018-01-22,52.52,53.98,54.48,51.04,35599,6328万,6.53%,1.46
2018-01-23,54.01,53.47,54.54,52.88,22347,3980万,3.08%,0.92
2018-01-24,53.41,54.16,54.25,52.82,33539,6011万,2.67%,1.38
2018-01-25,54.30,52.85,54.90,52.85,39260,7085万,3.78%,1.61
2018-01-26,52.46,56.12,57.81,52.31,66266,1.22亿,10.40%,2.72
2018-01-29,55.49,54.16,56.23,53.44,46055,8425万,4.98%,1.89
2018-01-30,54.10,55.82,56.83,53.38,42109,7730万,6.36%,1.73
2018-01-31,54.93,53.62,56.53,53.62,41391,7585万,5.21%,1.7
2018-02-01,53.38,49.82,54.27,49.55,37275,6499万,8.81%,1.53
2018-02-02,49.82,49.23,51.81,48.07,27453,4577万,7.51%,1.13
2018-02-05,48.93,48.93,50.12,48.60,22277,3654万,3.08%,0.91
2018-02-06,48.07,44.65,48.07,44.56,42362,6431万,7.16%,1.74
2018-02-14,45.36,49.08,49.08,45.28,23887,3797万,8.51%,0.98
2018-02-22,51.04,52.34,53.71,50.15,71143,1.24亿,7.26%,2.92
2018-02-23,51.72,51.63,52.11,51.04,39810,6847万,2.04%,1.63
2018-02-26,52.55,52.49,53.12,51.63,41020,7141万,2.88%,1.68
2018-02-27,52.46,52.76,53.56,52.08,33002,5791万,2.83%,1.35
2018-02-28,51.93,52.46,52.79,50.21,30111,5211万,4.90%,1.24
2018-03-01,52.05,54.27,54.90,51.13,56257,1.01亿,7.19%,2.31
2018-03-02,54.27,54.30,55.40,53.32,44086,8026万,3.83%,1.81
2018-03-05,54.39,56.29,56.53,53.89,50755,9357万,4.87%,2.08
2018-03-06,55.79,55.70,56.89,54.90,38736,7215万,3.53%,1.59
2018-03-07,55.76,54.13,55.76,53.89,28605,5216万,3.36%,1.17
2018-03-08,54.13,54.22,54.87,54.07,17703,3208万,1.48%,0.73
2018-03-09,53.92,57.57,57.72,53.74,60253,1.13亿,7.34%,2.47
2018-03-12,58.17,57.57,59.12,57.04,66167,1.28亿,3.61%,2.72
2018-03-13,57.22,58.17,59.15,57.01,50618,9805万,3.71%,2.08
2018-03-14,57.66,55.91,58.14,55.88,38115,7214万,3.88%,1.56
2018-03-15,55.31,55.73,56.21,54.22,27951,5145万,3.56%,1.15
2018-03-16,55.85,55.28,56.47,54.90,20828,3869万,2.82%,0.86
2018-03-19,55.28,56.71,57.13,54.72,31840,6002万,4.35%,1.31
2018-03-20,56.32,55.46,56.32,54.01,32745,6030万,4.09%,1.34
2018-03-21,54.96,53.71,57.01,53.71,34114,6315万,5.94%,1.4
2018-03-22,54.07,55.05,56.65,53.71,38712,7123万,5.47%,1.59
2018-03-23,52.88,49.61,53.74,49.61,49597,8514万,7.50%,2.04
2018-03-26,48.19,50.74,50.92,47.06,26436,4354万,7.78%,1.09
2018-03-27,51.57,52.23,52.91,50.89,33140,5733万,3.98%,1.36
2018-03-28,51.57,52.61,53.38,51.10,32749,5731万,4.38%,1.34
2018-03-29,52.64,53.65,56.35,52.64,41401,7494万,7.06%,1.7
2018-03-30,53.71,56.41,57.36,53.59,70324,1.31亿,7.03%,2.89
2018-04-02,56.23,56.65,58.05,55.52,66327,1.25亿,4.48%,2.72
2018-04-03,55.46,56.62,56.65,54.93,41418,7706万,3.04%,1.7
2018-04-04,57.57,54.22,57.69,54.16,46256,8571万,6.24%,1.9
2018-04-09,53.44,54.30,55.28,53.12,36148,6555万,4.00%,1.48
2018-04-10,54.60,53.77,55.08,53.15,26725,4810万,3.56%,1.1
2018-04-11,54.04,56.56,58.11,54.04,74175,1.39亿,7.57%,3.05
2018-04-12,56.03,55.55,56.98,55.25,46039,8601万,3.05%,1.89
2018-04-13,56.38,56.95,57.51,55.70,55317,1.05亿,3.26%,2.27
2018-04-16,56.56,58.31,58.37,56.23,61776,1.18亿,3.76%,2.54
2018-04-17,58.61,54.90,58.67,54.60,63590,1.20亿,6.98%,2.61
2018-04-18,55.34,58.20,58.55,54.04,63726,1.20亿,8.22%,2.62
2018-04-19,58.17,57.51,58.76,57.04,56459,1.09亿,2.96%,2.32
2018-04-20,57.42,54.57,57.96,54.57,47653,8953万,5.89%,1.96
2018-04-23,54.54,51.93,55.20,49.61,49082,8633万,10.23%,2.02
2018-04-24,51.63,54.01,54.01,51.30,33130,5863万,5.20%,1.36
2018-04-25,53.41,56.74,57.19,53.15,76744,1.42亿,7.48%,3.15
2018-04-26,56.44,56.74,57.78,55.49,77263,1.46亿,4.03%,3.17
2018-04-27,57.48,55.82,57.54,54.87,43431,8099万,4.71%,1.78
2018-05-02,55.79,52.76,56.95,51.63,55522,9897万,9.52%,2.28
2018-05-03,52.49,53.71,54.16,51.07,43139,7572万,5.85%,1.77
2018-05-04,53.26,52.58,53.65,51.93,24041,4235万,3.21%,0.99
2018-05-07,52.82,54.78,55.02,52.11,30469,5490万,5.54%,1.21
2018-05-08,54.81,54.63,55.20,53.65,23916,4345万,2.82%,0.95
2018-05-09,54.60,55.79,56.38,54.25,45414,8434万,3.91%,1.81
2018-05-10,56.53,61.31,61.31,55.94,73380,1.46亿,9.64%,2.92
2018-05-11,63.27,58.79,65.53,58.79,167016,3.46亿,11.00%,6.66
2018-05-14,56.44,56.00,59.06,55.52,80677,1.52亿,6.01%,3.22
2018-05-15,56.56,57.27,57.51,55.52,53049,9994万,3.55%,2.11
2018-05-16,56.68,55.64,56.92,54.90,44081,8230万,3.53%,1.76
2018-05-17,55.67,54.30,56.12,53.59,39024,7116万,4.54%,1.56
2018-05-18,54.04,54.57,54.66,53.35,27255,4908万,2.41%,1.09
2018-05-21,54.66,55.34,56.03,54.66,30359,5622万,2.50%,1.21
2018-05-22,55.49,56.06,56.09,54.75,33786,6258万,2.41%,1.35
2018-05-23,55.58,54.75,56.00,54.42,28510,5255万,2.81%,1.14
2018-05-24,54.25,53.98,54.87,53.77,22992,4164万,2.01%,0.92
2018-05-25,53.83,52.37,54.25,51.99,30175,5318万,4.18%,1.2
2018-05-28,53.50,57.57,57.57,53.41,36197,6876万,7.94%,1.44
2018-05-29,59.06,56.98,62.92,56.98,161480,3.21亿,10.32%,6.44
2018-05-30,53.71,51.87,53.92,51.63,87282,1.54亿,4.01%,3.48
2018-05-31,52.79,52.61,53.68,51.99,40501,7142万,3.26%,1.61
2018-06-01,52.08,50.92,52.52,50.44,37786,6453万,3.95%,1.51
2018-06-04,51.19,51.04,52.28,50.83,25880,4442万,2.86%,1.03
2018-06-05,51.19,52.37,52.37,51.19,23621,4091万,2.33%,0.94
2018-06-06,52.23,52.17,52.73,51.63,21329,3711万,2.10%,0.85
2018-06-07,52.40,50.83,52.70,50.18,31705,5400万,4.84%,1.26
2018-06-08,51.48,50.38,51.48,49.49,24677,4115万,3.91%,0.98
2018-06-11,50.38,49.26,50.38,49.11,18435,3048万,2.53%,0.73
2018-06-12,49.43,51.13,51.66,48.39,32699,5445万,6.63%,1.3
2018-06-13,50.62,50.50,51.54,49.85,27679,4674万,3.31%,1.1
2018-06-14,50.41,50.71,51.33,50.00,14291,2419万,2.65%,0.57
2018-06-15,50.98,49.61,51.19,48.93,18912,3137万,4.45%,0.75
2018-06-19,48.07,45.66,49.02,44.71,35978,5538万,8.68%,1.43
2018-06-20,45.66,46.37,46.88,45.16,19484,2995万,3.77%,0.78
2018-06-21,46.40,44.35,46.40,44.32,16484,2486万,4.48%,0.66
2018-06-22,44.15,45.25,45.63,43.32,13932,2090万,5.22%,0.56
2018-06-25,45.45,44.65,46.34,44.62,13073,1976万,3.81%,0.52
2018-06-26,44.35,45.51,46.11,44.00,16015,2413万,4.72%,0.64
2018-06-27,45.39,45.16,45.96,44.92,11936,1802万,2.28%,0.48
2018-06-28,45.19,44.62,45.78,44.62,10991,1655万,2.57%,0.44
2018-06-29,45.36,46.34,46.64,44.65,24106,3673万,4.46%,0.96
2018-07-02,46.34,45.10,46.52,44.62,16806,2556万,4.10%,0.67
2018-07-03,45.28,46.37,46.61,45.07,18449,2819万,3.42%,0.74
2018-07-04,46.29,45.04,46.29,44.80,15886,2397万,3.20%,0.63
2018-07-05,44.68,44.00,45.28,43.91,13229,1959万,3.03%,0.53
2018-07-06,43.64,43.94,44.89,42.57,15208,2220万,5.27%,0.61
2018-07-09,43.97,44.38,44.53,43.88,12660,1865万,1.49%,0.51
2018-07-10,44.21,44.47,44.50,43.79,11998,1763万,1.61%,0.48
2018-07-11,43.91,40.58,43.91,40.08,34492,4728万,8.62%,1.38
2018-07-12,40.29,41.62,41.77,40.29,18609,2556万,3.66%,0.75
2018-07-13,41.62,41.68,41.92,41.30,11761,1626万,1.50%,0.47
2018-07-16,41.59,42.87,45.10,39.84,34033,4815万,12.61%,1.36
2018-07-17,42.19,42.66,43.32,41.95,16104,2272万,3.19%,0.65
2018-07-18,42.48,43.49,44.56,42.48,28305,4086万,4.87%,1.13
2018-07-19,43.14,43.94,44.56,41.89,37308,5392万,6.15%,1.49
2018-07-20,43.64,43.38,43.85,43.08,19320,2793万,1.76%,0.77
2018-07-23,43.32,42.99,43.32,42.42,15478,2202万,2.05%,0.62
2018-07-24,43.29,43.29,43.79,42.84,16917,2434万,2.21%,0.68
2018-07-25,43.29,43.73,43.91,43.11,21320,3079万,1.85%,0.85
2018-07-26,43.97,43.08,43.97,42.72,16111,2307万,2.85%,0.65
2018-07-27,43.05,41.24,43.11,41.18,18721,2624万,4.48%,0.75
2018-07-30,41.53,40.94,41.83,40.94,13604,1863万,2.16%,0.55
2018-07-31,40.94,41.80,42.13,40.61,13164,1809万,3.70%,0.53
2018-08-01,42.42,40.88,42.48,40.82,14387,1993万,3.98%,0.58
2018-08-02,40.67,38.33,40.67,37.73,29207,3746万,7.19%,1.17
2018-08-03,38.09,39.07,41.00,38.09,21748,2823万,7.59%,0.82
2018-08-06,39.16,38.77,39.16,38.03,13916,1783万,2.89%,0.53
2018-08-07,39.13,40.17,40.38,38.65,15084,1995万,4.44%,0.57
2018-08-08,39.87,39.63,40.79,39.48,14605,1951万,3.25%,0.55
2018-08-09,39.10,40.67,41.27,39.10,20159,2723万,5.47%,0.76
2018-08-10,40.82,40.70,41.15,40.26,10782,1452万,2.19%,0.41
2018-08-13,39.81,40.91,41.36,39.72,15016,2020万,4.01%,0.57
2018-08-14,40.94,40.70,41.50,40.41,14402,1954万,2.69%,0.55
2018-08-15,40.73,40.38,41.09,39.96,14352,1935万,2.77%,0.54
2018-08-16,39.87,39.75,40.52,39.28,10052,1331万,3.09%,0.38
2018-08-17,40.05,37.64,40.23,36.60,20413,2595万,9.12%,0.77
2018-08-20,37.58,38.09,38.30,36.93,12387,1543万,3.63%,0.47
2018-08-21,37.97,38.92,39.48,37.76,12801,1642万,4.52%,0.49
2018-08-22,39.19,39.72,40.05,38.36,19360,2539万,4.35%,0.73
2018-08-23,39.69,38.83,40.11,38.71,15629,2031万,3.51%,0.59
2018-08-24,38.83,39.78,40.20,38.68,18274,2404万,3.90%,0.69
2018-08-27,40.05,39.81,40.17,39.34,19139,2521万,2.09%,0.73
2018-08-28,40.23,39.22,40.23,38.95,13147,1721万,3.21%,0.5
2018-08-29,39.81,39.78,40.11,39.51,15683,2071万,1.51%,0.59
2018-08-30,39.48,38.53,39.72,38.47,11090,1439万,3.14%,0.42
2018-08-31,38.71,38.68,39.13,38.33,9145,1173万,2.08%,0.35
2018-09-03,38.44,38.68,38.77,37.38,12085,1523万,3.61%,0.46
2018-09-04,38.42,39.07,39.19,38.27,12638,1624万,2.38%,0.48
2018-09-05,38.89,38.09,38.89,37.46,18848,2395万,3.65%,0.71
2018-09-06,38.09,38.53,38.98,37.08,19127,2435万,4.99%,0.73
2018-09-07,38.03,38.27,38.77,37.73,14612,1852万,2.70%,0.55
2018-09-10,38.00,36.81,38.03,36.31,17326,2110万,4.50%,0.66
2018-09-11,36.75,36.81,36.93,36.40,9495,1154万,1.45%,0.36
2018-09-12,36.81,37.17,37.58,36.60,9338,1147万,2.66%,0.35
2018-09-13,37.17,36.96,37.49,36.75,11059,1356万,2.00%,0.42
2018-09-14,37.02,35.50,37.26,35.09,14451,1736万,5.87%,0.55
2018-09-17,35.50,35.62,35.98,35.21,9083,1069万,2.18%,0.34
2018-09-18,35.30,35.86,35.95,34.97,9383,1103万,2.75%,0.36
2018-09-19,35.95,36.63,36.78,35.68,11814,1424万,3.06%,0.45
2018-09-20,36.25,36.16,36.75,36.01,7384,888万,2.03%,0.28
2018-09-21,36.16,36.75,36.78,36.07,12671,1531万,1.97%,0.48
2018-09-25,36.66,36.66,36.81,35.95,9514,1150万,2.34%,0.36
2018-09-26,37.05,37.20,37.38,36.40,17117,2096万,2.67%,0.65
2018-09-27,37.11,36.54,37.11,36.40,17396,2108万,1.92%,0.66
2018-09-28,36.75,37.14,37.14,36.60,11424,1393万,1.46%,0.43
2018-10-08,36.25,35.83,36.72,35.42,8862,1059万,3.52%,0.34
2018-10-09,35.83,36.10,36.10,35.65,5187,617万,1.24%,0.2
2018-10-10,35.98,37.38,37.58,35.95,18790,2301万,4.53%,0.71
2018-10-19,33.69,35.89,36.63,33.69,39913,4575万,7.87%,1.51
2018-10-22,34.61,38.03,39.42,34.61,42478,5288万,13.41%,1.61
2018-10-23,37.64,36.04,38.62,35.68,33304,4082万,7.73%,1.26
2018-10-24,35.50,36.04,36.69,35.42,14772,1762万,3.54%,0.73
2018-10-25,34.32,35.03,35.21,34.08,13677,1567万,3.13%,0.52
2018-10-26,35.24,34.32,35.50,34.14,13419,1538万,3.90%,0.51
2018-10-29,33.96,33.25,34.76,32.56,14165,1581万,6.40%,0.54
2018-10-30,33.25,32.09,33.25,31.49,20899,2226万,5.27%,0.79
2018-10-31,32.68,32.53,33.07,32.09,17118,1850万,3.05%,0.65
2018-11-01,32.68,32.65,33.72,32.62,24159,2652万,3.38%,0.92
2018-11-02,33.13,33.72,33.81,32.83,30183,3314万,3.00%,1.14
2018-11-05,33.69,33.43,34.05,32.92,31792,3514万,3.35%,1.21
2018-11-06,33.34,33.51,33.60,32.62,19127,2090万,2.93%,0.73
2018-11-07,33.46,33.66,34.35,33.13,26369,2943万,3.63%,1
2018-11-08,33.96,33.46,34.44,33.28,21272,2373万,3.44%,0.81
2018-11-09,33.13,33.81,34.11,33.13,23241,2599万,2.93%,0.88
2018-11-12,34.08,34.88,35.09,33.72,22665,2594万,4.04%,0.86
2018-11-13,34.35,35.24,35.92,34.17,23932,2777万,5.02%,0.91
2018-11-14,35.15,35.00,35.89,34.76,25721,3009万,3.20%,0.98
2018-11-15,35.30,36.19,36.37,35.09,30093,3572万,3.65%,1.14
2018-11-16,36.19,36.16,36.54,35.56,22901,2735万,2.71%,0.87
2018-11-19,36.19,36.16,36.40,35.53,16755,1991万,2.38%,0.64
2018-11-20,36.16,35.71,36.34,35.59,20931,2490万,2.05%,0.79
2018-11-21,35.30,37.02,37.08,34.76,36209,4316万,6.49%,1.37
2018-11-22,37.41,37.29,38.39,36.90,51060,6369万,4.01%,1.94
2018-11-23,36.90,34.82,37.32,34.82,29572,3524万,6.69%,1.12
2018-11-26,35.21,35.21,35.77,34.85,19028,2232万,2.64%,0.72
2018-11-27,35.68,34.76,35.95,34.61,19261,2257万,3.80%,0.73
2018-11-28,35.15,35.45,35.50,34.20,15697,1818万,3.76%,0.6
2018-11-29,35.50,34.73,36.19,34.58,14154,1659万,4.52%,0.54
2018-11-30,34.91,34.58,34.91,33.43,16005,1803万,4.28%,0.61
2018-12-03,35.15,35.24,35.95,34.79,22217,2604万,3.35%,0.84
2018-12-04,35.50,35.74,35.74,35.06,21809,2557万,1.94%,0.83
2018-12-05,35.06,35.15,35.56,34.76,15397,1792万,2.24%,0.58
2018-12-06,34.85,34.11,35.24,33.96,21427,2446万,3.63%,0.81
2018-12-07,34.17,34.85,34.85,34.17,15135,1730万,2.00%,0.57
2018-12-10,34.76,34.82,35.65,34.29,17565,2036万,3.92%,0.67
2018-12-11,34.79,35.21,35.24,34.64,14416,1663万,1.71%,0.55
2018-12-12,35.45,35.36,35.47,34.85,15168,1764万,1.77%,0.58
2018-12-13,35.39,35.56,35.68,35.00,17447,2043万,1.93%,0.66
2018-12-14,35.53,35.03,35.65,34.52,12805,1488万,3.17%,0.49
2018-12-17,35.03,36.34,36.48,34.46,26768,3163万,5.77%,1.01
