日期,开盘价,收盘价,最高价,最低价,成交量,成交额,振幅,换手率(%)
1994-01-28,8.18,6.88,8.20,6.68,60132,4475万,-,18.61
1994-01-31,6.60,6.25,6.60,6.05,29211,1847万,7.99%,9.04
1994-02-01,6.11,6.10,6.40,6.02,11247,699万,6.08%,3.48
1994-02-02,6.10,6.38,6.39,6.10,10585,668万,4.75%,3.28
1994-02-03,6.41,6.50,6.75,6.39,28737,1885万,5.64%,8.89
1994-02-04,6.55,6.68,6.70,6.45,14153,932万,3.85%,4.38
1994-02-14,6.81,6.45,6.94,6.28,11635,772万,9.88%,3.6
1994-02-15,6.31,6.31,6.45,6.21,2893,182万,3.72%,0.9
1994-02-16,6.43,6.33,6.44,6.28,1646,105万,2.54%,0.51
1994-02-17,6.35,6.25,6.36,6.22,1469,92.2万,2.21%,0.45
1994-02-18,6.25,6.23,6.30,6.22,1431,89.5万,1.28%,0.44
1994-02-21,6.20,6.04,6.20,6.01,3318,202万,3.05%,1.03
1994-02-22,5.98,6.15,6.38,5.90,3665,226万,7.95%,1.13
1994-02-23,6.25,6.10,6.25,6.06,1540,94.2万,3.09%,0.48
1994-02-24,6.11,6.12,6.18,6.00,2807,171万,2.95%,0.87
1994-02-25,6.22,6.20,6.33,6.08,5165,319万,4.08%,1.6
1994-02-28,6.25,6.00,6.25,5.95,5473,332万,4.84%,1.69
1994-03-01,6.00,5.89,6.05,5.85,2666,158万,3.33%,0.83
1994-03-02,5.81,5.68,5.99,5.61,4686,271万,6.45%,1.45
1994-03-03,5.51,5.50,5.64,5.50,3050,169万,2.46%,0.94
1994-03-04,5.40,5.50,5.68,5.27,7265,396万,7.45%,2.25
1994-03-07,5.48,5.45,5.49,5.41,1009,54.8万,1.45%,0.31
1994-03-08,5.45,5.18,5.45,5.05,4277,225万,7.34%,1.32
1994-03-09,5.00,5.11,5.25,4.82,9292,470万,8.30%,2.88
1994-03-10,5.20,4.89,5.22,4.81,6982,351万,8.02%,2.16
1994-03-11,4.90,5.23,5.40,4.61,16296,829万,16.16%,5.04
1994-03-14,6.01,6.75,7.08,5.80,68843,4461万,24.47%,21.31
1994-03-15,6.99,6.20,7.00,6.02,28135,1815万,14.52%,8.71
1994-03-16,6.05,6.60,6.65,6.03,20791,1309万,10.00%,6.43
1994-03-17,6.71,6.22,6.90,6.10,36948,2439万,12.12%,11.43
1994-03-18,6.10,6.06,6.35,5.82,15713,953万,8.52%,4.86
1994-03-21,5.82,5.60,5.90,5.50,6952,399万,6.60%,2.15
1994-03-22,5.50,5.90,5.90,5.44,5469,310万,8.21%,1.69
1994-03-23,5.85,5.68,5.87,5.62,4638,265万,4.24%,1.44
1994-03-24,5.68,5.80,6.07,5.65,11749,692万,7.39%,3.64
1994-03-25,6.08,6.10,6.34,5.85,40303,2465万,8.45%,12.47
1994-03-28,6.10,5.91,6.59,5.71,84606,5390万,14.43%,26.18
1994-03-29,5.91,6.00,6.09,5.90,21713,1295万,3.21%,6.72
1994-03-30,6.10,6.08,6.36,6.00,26456,1639万,6.00%,8.19
1994-03-31,6.20,6.30,6.38,6.08,23435,1465万,4.93%,7.25
1994-04-01,6.40,6.10,6.44,5.99,29362,1838万,7.14%,9.09
1994-04-04,6.10,5.90,6.20,5.88,13565,817万,5.25%,4.2
1994-04-05,5.80,5.88,5.98,5.80,7673,451万,3.05%,2.37
1994-04-06,5.90,5.84,5.93,5.83,4058,239万,1.70%,1.26
1994-04-07,5.83,5.80,5.92,5.80,4528,265万,2.05%,1.4
1994-04-08,5.80,5.79,5.85,5.75,3765,218万,1.72%,1.17
1994-04-11,5.75,5.61,5.75,5.60,2950,167万,2.59%,0.91
1994-04-12,5.70,5.95,5.98,5.70,12829,753万,4.99%,3.97
1994-04-13,5.98,5.73,6.05,5.65,9378,551万,6.72%,2.9
1994-04-14,5.70,5.56,5.73,5.52,5046,283万,3.66%,1.56
1994-04-15,5.52,5.65,5.70,5.01,6950,372万,12.41%,2.15
1994-04-18,5.35,5.55,5.70,5.35,7387,411万,6.19%,2.29
1994-04-19,5.31,5.20,5.65,5.20,5572,302万,8.11%,1.72
1994-04-20,5.10,4.97,5.29,4.95,7853,400万,6.54%,2.43
1994-04-21,4.90,5.36,5.45,4.90,10075,519万,11.07%,3.12
1994-04-22,5.30,5.05,5.49,5.05,13678,720万,8.21%,4.23
1994-04-25,5.11,5.02,5.25,5.00,3206,162万,4.95%,0.99
1994-04-26,5.05,5.18,5.19,5.05,2537,130万,2.79%,0.79
1994-04-27,5.25,5.25,5.30,5.12,5643,294万,3.47%,1.75
1994-04-28,5.35,5.14,5.38,5.14,10370,550万,4.57%,3.21
1994-04-29,5.15,5.05,5.25,5.05,5079,260万,3.89%,1.57
1994-05-03,5.10,5.26,5.26,5.08,4425,229万,3.56%,1.37
1994-05-04,5.36,5.50,5.55,5.32,23188,1263万,4.37%,7.18
1994-05-05,5.40,5.18,5.40,5.06,8306,433万,6.18%,2.57
1994-05-06,5.20,5.11,5.22,5.00,6262,318万,4.25%,1.94
1994-05-09,5.21,5.15,5.30,5.12,4185,217万,3.52%,1.3
1994-05-11,5.30,5.12,5.38,5.12,7131,378万,5.05%,2.21
1994-05-12,5.05,5.08,5.15,5.02,3140,160万,2.54%,0.97
1994-05-13,5.12,5.14,5.15,5.05,3808,194万,1.97%,1.18
1994-05-16,5.31,5.25,5.35,5.20,9302,490万,2.92%,2.88
1994-05-17,5.25,5.18,5.28,5.15,2543,132万,2.48%,0.79
1994-05-18,5.15,5.06,5.19,5.04,4409,225万,2.90%,1.36
1994-05-19,5.04,5.08,5.10,5.02,3814,193万,1.58%,1.18
1994-05-20,5.12,5.09,5.14,5.03,6049,308万,2.17%,1.87
1994-05-23,4.68,4.64,4.69,4.60,10236,397万,1.89%,2.64
1994-05-24,4.69,4.67,4.69,4.64,4901,191万,1.03%,1.26
1994-05-25,4.66,4.58,4.70,4.52,4595,176万,3.86%,1.19
1994-05-26,4.56,4.46,4.58,4.44,4421,165万,3.14%,1.14
1994-05-27,4.38,4.38,4.45,4.37,4264,157万,1.88%,1.1
1994-05-30,4.26,4.06,4.36,4.00,4191,144万,8.22%,1.08
1994-05-31,3.94,4.20,4.20,3.94,2598,88.0万,6.51%,0.67
1994-06-01,4.14,4.02,4.14,4.00,2694,91.3万,3.43%,0.69
1994-06-02,4.02,4.01,4.08,3.98,1630,54.6万,2.39%,0.42
1994-06-03,4.03,4.02,4.08,4.00,2370,79.8万,2.10%,0.61
1994-06-06,3.95,3.82,3.96,3.82,3932,127万,3.58%,0.81
1994-06-07,3.83,3.67,3.83,3.66,3122,96.9万,4.40%,0.64
1994-06-08,3.64,3.72,3.80,3.58,4324,132万,6.21%,0.89
1994-06-09,3.72,3.61,3.74,3.60,2701,82.5万,3.87%,0.56
1994-06-10,3.60,3.58,3.64,3.54,2576,77.2万,2.66%,0.53
1994-06-13,3.52,3.42,3.52,3.38,3524,101万,3.69%,0.73
1994-06-14,3.42,3.47,3.55,3.42,3609,105万,3.86%,0.74
1994-06-15,3.46,3.58,3.58,3.46,3775,111万,3.46%,0.78
1994-06-16,3.60,3.58,3.64,3.52,6852,205万,3.36%,1.41
1994-06-17,3.64,3.89,3.94,3.62,23054,727万,8.72%,4.76
1994-06-20,3.70,3.66,3.96,3.64,18586,593万,8.33%,3.83
1994-06-21,3.61,3.59,3.68,3.56,6015,181万,3.28%,1.24
1994-06-22,3.64,3.66,3.72,3.61,2719,83.1万,3.01%,0.56
1994-06-23,3.70,3.68,3.71,3.60,4204,128万,2.95%,0.87
1994-06-24,3.66,3.59,3.66,3.58,3127,94.0万,2.28%,0.65
1994-06-27,3.54,3.47,3.54,3.43,3725,108万,3.01%,0.77
1994-06-28,3.42,3.48,3.49,3.42,1307,37.8万,2.08%,0.27
1994-06-29,3.52,3.50,3.54,3.48,1678,49.0万,1.72%,0.35
1994-06-30,3.48,3.53,3.59,3.46,2125,61.9万,3.77%,0.44
1994-07-01,3.53,3.47,3.54,3.47,1464,42.8万,2.04%,0.3
1994-07-04,3.41,3.46,3.49,3.40,2322,66.9万,2.77%,0.48
1994-07-05,3.52,3.55,3.56,3.43,2533,74.4万,3.82%,0.52
1994-07-06,3.54,3.48,3.58,3.43,2070,60.6万,4.05%,0.43
1994-07-07,3.46,3.48,3.52,3.46,963,27.9万,1.72%,0.2
1994-07-08,3.48,3.58,3.58,3.48,2198,64.7万,2.76%,0.45
1994-07-11,3.54,3.48,3.54,3.46,1685,49.0万,2.35%,0.35
1994-07-12,3.48,3.50,3.50,3.47,525,15.3万,1.03%,0.11
1994-07-13,3.54,3.54,3.56,3.50,1261,37.2万,1.71%,0.26
1994-07-14,3.56,3.50,3.56,3.48,1233,36.1万,2.37%,0.25
1994-07-15,3.54,3.42,3.54,3.42,3395,97.8万,3.42%,0.7
1994-07-18,3.36,3.36,3.37,3.30,2576,71.4万,2.11%,0.53
1994-07-19,3.36,3.36,3.38,3.31,1540,42.9万,2.14%,0.32
1994-07-20,3.36,3.32,3.37,3.32,1076,30.0万,1.43%,0.22
1994-07-21,3.30,3.24,3.31,3.24,1752,47.7万,2.17%,0.36
1994-07-22,3.24,3.17,3.37,3.14,2913,78.1万,7.04%,0.6
1994-07-25,3.17,3.24,3.24,3.12,2625,69.3万,3.79%,0.54
1994-07-26,3.24,3.30,3.35,3.18,3656,99.2万,5.19%,0.75
1994-07-27,3.34,3.19,3.35,3.18,3835,105万,5.09%,0.79
1994-07-28,3.17,2.88,3.17,2.86,4112,103万,9.77%,0.85
1994-07-29,2.62,2.65,2.70,2.50,5286,115万,7.08%,1.09
1994-08-01,3.18,3.50,3.58,3.00,25291,692万,21.72%,5.22
1994-08-02,3.48,3.37,3.90,3.24,39487,1192万,18.84%,8.15
1994-08-03,3.25,4.03,4.06,3.24,39803,1217万,24.20%,8.21
1994-08-04,4.66,4.68,5.39,4.18,141976,5487万,30.06%,29.29
1994-08-05,4.90,6.18,6.36,4.80,128382,5714万,33.33%,26.49
1994-08-08,6.30,6.42,7.26,4.93,130539,6952万,37.67%,26.93
1994-08-09,6.48,5.53,6.54,5.38,70947,3495万,18.13%,14.64
1994-08-10,5.40,6.49,6.77,5.06,101469,5012万,30.80%,20.94
1994-08-11,6.90,6.06,6.96,5.88,123973,6757万,16.64%,25.58
1994-08-12,5.82,5.98,6.42,5.76,43729,2207万,10.89%,9.02
1994-08-15,5.76,5.76,5.94,5.64,23443,1131万,5.02%,4.84
1994-08-16,5.78,6.02,6.42,5.66,54531,2785万,13.13%,11.25
1994-08-17,6.22,6.22,6.24,6.06,24215,1241万,2.99%,5
1994-08-18,6.36,6.31,6.60,5.94,94604,5072万,10.62%,19.52
1994-08-19,6.35,6.12,6.46,6.06,44772,2320万,6.27%,9.24
1994-08-22,5.76,5.78,5.94,5.52,26692,1289万,6.86%,5.51
1994-08-23,5.78,5.95,5.96,5.68,13520,654万,4.98%,2.79
1994-08-24,6.06,5.95,6.30,5.88,32385,1656万,7.06%,6.68
1994-08-25,6.10,6.00,6.11,5.95,16114,807万,2.62%,3.32
1994-08-26,6.12,5.80,6.12,5.70,18417,907万,7.00%,3.8
1994-08-29,5.70,5.76,5.83,5.40,12684,594万,7.45%,2.62
1994-08-30,5.70,6.02,6.19,5.58,37422,1864万,10.62%,6.17
1994-08-31,6.12,6.60,6.96,6.04,274034,1.52亿,15.34%,45.21
1994-09-01,6.80,6.36,6.88,6.34,80922,4441万,8.18%,13.35
1994-09-02,6.41,6.50,6.54,6.24,42165,2243万,4.72%,6.96
1994-09-05,6.94,7.08,7.18,6.58,158032,9135万,9.23%,26.07
1994-09-06,7.44,7.38,7.78,7.24,189863,1.18亿,7.63%,31.32
1994-09-07,7.26,6.50,7.68,6.43,107089,6516万,16.91%,17.67
1994-09-08,6.82,6.60,6.96,6.59,45060,2526万,5.72%,7.43
1994-09-09,6.74,6.55,6.91,6.36,43151,2406万,8.36%,7.12
1994-09-12,6.74,7.00,7.07,6.56,43607,2493万,7.69%,7.19
1994-09-13,7.15,6.83,7.31,6.72,58664,3477万,8.40%,9.68
1994-09-14,6.90,6.84,7.16,6.52,47916,2739万,9.49%,7.9
1994-09-15,6.70,6.60,6.84,6.34,23491,1287万,7.37%,3.88
1994-09-16,6.78,6.78,7.13,6.66,93664,5420万,7.09%,15.45
1994-09-19,6.96,6.97,7.49,6.85,163184,9824万,9.38%,26.92
1994-09-20,7.08,6.73,7.18,6.72,39058,2247万,6.54%,6.44
1994-09-21,6.90,7.00,7.02,6.73,29457,1682万,4.28%,4.86
1994-09-22,7.09,6.58,7.13,6.55,30724,1736万,8.23%,5.07
1994-09-23,6.58,6.22,6.61,6.16,37591,2001万,6.93%,6.2
1994-09-26,6.12,6.18,6.32,6.00,16017,820万,5.21%,2.64
1994-09-27,6.18,6.16,6.28,6.12,10613,548万,2.52%,1.75
1994-09-28,6.30,6.24,6.43,6.18,15306,801万,4.09%,2.53
1994-09-29,6.36,5.64,6.46,5.52,22158,1125万,15.00%,3.66
1994-09-30,5.52,5.26,5.64,5.22,26957,1205万,7.45%,4.45
1994-10-05,5.10,4.68,5.10,4.22,19659,777万,16.67%,3.24
1994-10-06,4.90,4.34,4.90,4.33,17140,670万,12.05%,2.83
1994-10-07,4.26,4.98,5.14,3.60,30718,1073万,35.36%,5.07
1994-10-10,4.68,4.66,4.90,4.33,22942,895万,11.33%,3.78
1994-10-11,4.64,4.68,4.76,4.54,7905,308万,4.90%,1.3
1994-10-12,4.74,4.60,4.78,4.50,9179,359万,5.90%,1.51
1994-10-13,4.63,4.20,4.63,4.14,16386,595万,10.70%,2.7
1994-10-14,3.96,4.32,4.32,3.82,16685,573万,12.00%,2.75
1994-10-17,4.06,4.02,4.08,3.98,7112,240万,2.22%,1.17
1994-10-18,4.02,4.02,4.08,4.02,4244,143万,1.49%,0.7
1994-10-19,4.14,4.20,4.22,4.06,7377,255万,4.18%,1.22
1994-10-20,4.27,4.56,4.60,4.26,17483,648万,8.00%,2.88
1994-10-21,4.60,4.38,4.67,4.20,29286,1100万,10.26%,4.83
1994-10-24,4.62,4.86,4.88,4.42,34242,1321万,10.68%,5.65
1994-10-25,5.02,4.63,5.02,4.56,39986,1615万,9.38%,6.6
1994-10-26,4.45,4.26,4.50,4.15,17774,641万,7.51%,2.93
1994-10-27,4.20,4.38,4.42,4.18,13005,464万,5.63%,2.15
1994-10-28,4.42,4.32,4.62,4.20,26435,978万,9.59%,4.36
1994-10-31,4.08,4.22,4.26,4.08,8212,288万,4.17%,1.35
1994-11-01,4.26,4.32,4.38,4.20,5034,180万,4.26%,0.83
1994-11-02,4.26,4.32,4.32,4.26,2579,92.3万,1.39%,0.43
1994-11-03,4.36,4.54,4.58,4.32,17358,649万,6.11%,2.86
1994-11-04,4.57,4.26,4.57,4.21,8902,320万,7.94%,1.47
1994-11-07,4.14,4.26,4.30,4.14,3245,115万,3.66%,0.54
1994-11-08,4.44,4.33,4.50,4.30,11997,442万,4.79%,1.98
1994-11-09,4.26,4.34,4.38,4.21,5677,205万,3.88%,0.94
1994-11-10,4.42,4.28,4.44,4.27,6283,229万,3.87%,1.04
1994-11-11,4.33,4.38,4.38,4.24,4365,157万,3.36%,0.72
1994-11-14,4.42,4.42,4.46,4.30,8806,325万,3.84%,1.45
1994-11-15,4.38,4.30,4.38,4.26,6264,225万,2.72%,1.03
1994-11-16,4.26,4.28,4.34,4.25,2802,100万,2.23%,0.46
1994-11-17,4.33,4.25,4.36,4.25,2682,95.8万,2.52%,0.44
1994-11-18,4.21,4.22,4.26,4.20,2471,86.9万,1.41%,0.41
1994-11-21,4.22,4.25,4.30,4.22,2378,84.4万,1.70%,0.39
1994-11-22,4.26,4.24,4.30,4.21,1285,45.5万,1.98%,0.21
1994-11-23,4.24,4.22,4.28,4.20,1489,52.4万,1.98%,0.25
1994-11-24,4.20,4.21,4.22,4.20,1139,40.0万,0.57%,0.19
1994-11-25,4.26,4.25,4.28,4.24,1995,70.8万,1.14%,0.33
1994-11-28,4.24,4.24,4.25,4.21,911,32.1万,0.85%,0.15
1994-11-29,4.20,4.25,4.25,4.19,1575,55.4万,1.42%,0.26
1994-11-30,4.24,4.24,4.27,4.24,887,31.4万,0.85%,0.15
1994-12-01,4.24,4.22,4.25,4.22,485,17.1万,0.57%,0.08
1994-12-02,4.26,4.24,4.26,4.22,605,21.4万,0.85%,0.1
1994-12-05,4.20,4.15,4.26,4.15,1095,38.1万,2.55%,0.18
1994-12-06,4.08,4.02,4.18,3.91,2406,80.6万,6.36%,0.4
1994-12-07,3.96,4.02,4.09,3.96,1323,44.2万,3.28%,0.22
1994-12-08,4.06,4.00,4.07,3.97,1018,34.0万,2.39%,0.17
1994-12-09,3.92,3.97,4.00,3.92,1649,54.5万,1.80%,0.27
1994-12-12,3.96,3.88,4.08,3.84,1861,60.3万,6.04%,0.31
1994-12-13,3.90,3.96,4.00,3.88,1314,42.9万,3.10%,0.22
1994-12-14,3.94,3.92,3.95,3.90,715,23.4万,1.21%,0.12
1994-12-15,3.98,4.18,4.24,3.94,3108,105万,7.65%,0.51
1994-12-16,4.09,4.20,4.30,4.01,6992,246万,6.90%,1.15
1994-12-19,4.14,4.02,4.26,4.02,2090,71.5万,5.71%,0.34
1994-12-20,4.03,4.04,4.10,3.95,1465,49.3万,3.88%,0.24
1994-12-21,4.00,4.02,4.08,3.96,3088,104万,2.97%,0.51
1994-12-22,4.14,3.95,4.14,3.94,2009,66.8万,5.07%,0.33
1994-12-23,3.97,3.97,4.08,3.96,4254,142万,3.04%,0.7
1994-12-26,3.98,4.57,4.62,3.95,40063,1464万,16.92%,6.61
1994-12-27,4.44,4.60,4.78,4.34,81033,3097万,9.45%,13.37
1994-12-28,4.60,4.38,4.60,4.36,12661,473万,5.22%,2.09
1994-12-29,4.61,4.48,4.61,4.34,10359,384万,6.03%,1.71
1994-12-30,4.46,4.54,4.74,4.43,29721,1135万,6.97%,4.9
1995-01-03,4.45,4.49,4.58,4.42,4446,167万,3.70%,0.73
1995-01-04,4.44,4.52,4.52,4.38,4719,175万,3.21%,0.78
1995-01-05,4.48,4.64,4.80,4.48,27527,1075万,7.16%,4.54
1995-01-06,4.56,4.74,4.76,4.54,23404,917万,4.91%,3.86
1995-01-09,4.69,4.73,4.74,4.58,13118,512万,3.29%,2.16
1995-01-10,4.63,4.94,4.94,4.61,56247,2264万,7.11%,9.28
1995-01-11,4.94,4.97,5.04,4.72,41311,1679万,6.55%,6.82
1995-01-12,4.86,4.79,4.87,4.72,11634,466万,3.14%,1.92
1995-01-13,4.72,4.62,4.73,4.61,5249,204万,2.51%,0.87
1995-01-16,4.55,4.62,4.62,4.37,5186,194万,5.45%,0.86
1995-01-17,4.55,4.52,4.62,4.50,1359,51.4万,2.60%,0.22
1995-01-18,4.52,4.60,4.60,4.48,917,34.7万,2.65%,0.15
1995-01-19,4.56,4.34,4.56,4.32,3758,137万,5.22%,0.62
1995-01-20,4.26,4.38,4.49,4.22,2119,76.6万,6.08%,0.35
1995-01-23,4.62,4.40,4.62,4.24,12657,480万,8.77%,2.09
1995-01-24,4.56,4.33,4.56,4.30,8566,319万,5.99%,1.41
1995-01-25,4.32,4.38,4.42,4.32,1669,60.6万,2.22%,0.28
1995-01-26,4.33,4.32,4.37,4.32,1189,42.9万,1.10%,0.2
1995-01-27,4.32,4.39,4.40,4.32,1249,45.6万,1.94%,0.21
1995-02-06,4.32,4.21,4.32,4.18,1278,45.0万,3.28%,0.21
1995-02-07,4.20,4.21,4.21,4.15,832,29.0万,1.42%,0.14
1995-02-08,4.20,4.20,4.24,4.20,754,26.4万,0.85%,0.12
1995-02-09,4.20,4.34,4.36,4.20,1097,39.2万,3.71%,0.18
1995-02-10,4.32,4.38,4.50,4.31,2673,97.8万,4.42%,0.44
1995-02-13,4.37,4.42,4.42,4.31,738,26.9万,2.47%,0.12
1995-02-14,4.42,4.42,4.42,4.32,707,25.7万,2.17%,0.12
1995-02-15,4.38,4.43,4.43,4.32,1158,42.3万,2.45%,0.19
1995-02-16,4.30,4.32,4.43,4.26,831,29.8万,3.79%,0.14
1995-02-17,4.38,4.28,4.38,4.27,643,23.0万,2.50%,0.11
1995-02-20,4.27,4.50,4.50,4.27,5861,217万,5.32%,0.97
1995-02-21,4.43,4.48,4.50,4.34,1776,65.9万,3.47%,0.29
1995-02-22,4.46,4.93,4.93,4.46,16431,652万,10.46%,2.71
1995-02-23,4.80,4.80,4.92,4.62,13789,549万,6.08%,2.27
1995-02-24,4.78,4.45,4.78,4.36,6991,264万,8.75%,1.15
1995-02-27,4.63,4.46,4.69,4.42,5595,210万,6.20%,0.92
1995-02-28,4.37,4.39,4.46,4.37,3382,124万,2.15%,0.56
1995-03-01,4.48,4.42,4.51,4.37,1692,62.9万,3.28%,0.28
1995-03-02,4.48,4.46,4.50,4.42,2173,80.3万,1.90%,0.36
1995-03-03,4.46,4.54,4.63,4.46,3506,133万,3.76%,0.58
1995-03-06,4.58,4.87,4.88,4.55,14890,592万,7.41%,2.46
1995-03-07,4.88,4.87,4.91,4.63,16944,680万,5.67%,2.8
1995-03-08,4.75,4.97,5.15,4.62,62227,2582万,10.84%,10.27
1995-03-09,4.86,4.72,4.96,4.70,16962,683万,5.07%,2.8
1995-03-10,4.68,4.74,4.84,4.66,19257,760万,3.82%,3.18
1995-03-13,4.76,4.66,4.76,4.58,5326,207万,3.80%,0.88
1995-03-14,4.62,4.66,4.74,4.62,5219,202万,2.58%,0.86
1995-03-15,4.68,4.67,4.68,4.51,5377,205万,3.61%,0.89
1995-03-16,4.58,4.63,4.63,4.56,1564,59.8万,1.54%,0.26
1995-03-17,4.64,4.67,4.70,4.62,3618,141万,1.81%,0.6
1995-03-20,4.74,4.58,4.75,4.56,3360,131万,4.11%,0.55
1995-03-21,4.57,4.62,4.68,4.56,2194,83.8万,2.62%,0.36
1995-03-22,4.66,4.75,4.78,4.66,5987,236万,2.60%,0.99
1995-03-23,4.78,4.75,4.80,4.73,8042,319万,1.52%,1.33
1995-03-24,4.75,4.75,4.90,4.62,5039,197万,5.81%,0.83
1995-03-27,4.78,4.80,4.86,4.73,14315,572万,2.78%,2.36
1995-03-28,4.78,4.73,4.82,4.73,2768,110万,2.00%,0.46
1995-03-29,4.68,4.74,4.74,4.66,3371,132万,1.78%,0.56
1995-03-30,4.74,4.68,4.76,4.66,5964,234万,2.28%,0.98
1995-03-31,4.66,4.74,4.78,4.64,5639,220万,2.82%,0.93
1995-04-03,4.79,4.80,4.87,4.69,7976,318万,3.80%,1.32
1995-04-04,4.79,4.73,4.79,4.68,3120,123万,2.25%,0.51
1995-04-05,4.73,4.58,4.74,4.55,7624,294万,4.06%,1.26
1995-04-06,4.56,4.61,4.64,4.50,9373,356万,3.14%,1.55
1995-04-07,4.63,4.68,4.74,4.60,9292,361万,3.13%,1.53
1995-04-10,4.70,4.61,4.73,4.60,7369,286万,2.82%,1.22
1995-04-11,4.56,4.49,4.67,4.48,12902,489万,4.17%,2.13
1995-04-12,4.48,4.51,4.57,4.44,2592,97.3万,2.94%,0.43
1995-04-13,4.54,4.63,4.87,4.49,33949,1328万,8.51%,5.6
1995-04-14,4.66,4.63,4.68,4.58,4041,156万,2.07%,0.67
1995-04-17,4.63,4.51,4.63,4.51,2323,88.4万,2.59%,0.38
1995-04-18,4.54,4.51,4.57,4.50,1704,64.3万,1.60%,0.28
1995-04-19,4.56,4.57,4.61,4.54,1673,63.8万,1.60%,0.28
1995-04-20,4.63,4.73,4.74,4.58,4692,182万,3.41%,0.77
1995-04-21,4.73,4.63,4.73,4.62,5485,213万,2.28%,0.9
1995-04-24,4.63,4.57,4.63,4.50,2553,97.3万,2.85%,0.42
1995-04-25,4.54,4.62,4.62,4.54,2858,109万,1.84%,0.47
1995-04-27,4.20,4.51,4.55,3.97,11300,408万,12.47%,1.86
1995-04-28,4.42,4.48,4.48,4.26,12364,450万,4.79%,2.04
1995-05-02,4.49,4.43,4.51,4.38,2105,78.1万,2.95%,0.35
1995-05-03,4.38,4.37,4.50,4.36,2443,89.1万,3.25%,0.4
1995-05-04,4.36,4.28,4.37,4.27,2281,81.8万,2.20%,0.38
1995-05-05,4.24,4.32,4.34,4.24,1129,40.4万,2.52%,0.19
1995-05-08,4.32,4.34,4.36,4.27,788,28.3万,1.94%,0.13
1995-05-09,4.36,4.38,4.38,4.30,994,35.9万,1.93%,0.16
1995-05-10,4.32,4.36,4.36,4.26,1112,39.7万,2.19%,0.18
1995-05-11,4.33,4.37,4.37,4.28,1257,45.3万,1.93%,0.21
1995-05-12,4.32,4.42,4.55,4.32,2342,86.3万,5.22%,0.39
1995-05-15,4.42,4.40,4.45,4.39,1514,53.2万,1.36%,0.25
1995-05-16,4.42,4.40,4.42,4.39,1035,36.3万,0.54%,0.17
1995-05-17,4.40,4.44,4.44,4.39,1023,35.9万,1.09%,0.17
1995-05-18,4.99,5.44,5.92,4.97,54078,2286万,21.35%,8.92
1995-05-19,5.42,6.31,6.31,5.30,62478,2907万,18.54%,10.31
1995-05-22,6.91,7.85,8.59,6.91,124812,7771万,26.62%,20.59
1995-05-23,6.55,6.19,7.12,6.07,48763,2619万,13.30%,8.04
1995-05-24,6.19,5.89,6.53,5.47,43665,2108万,17.05%,7.2
1995-05-25,5.89,5.65,6.13,5.59,34620,1655万,9.16%,5.71
1995-05-26,5.69,5.83,6.97,5.48,49275,2336万,26.33%,8.13
1995-05-29,5.83,5.71,5.95,5.54,34418,1594万,7.00%,5.68
1995-05-30,5.71,5.59,5.74,5.53,13616,620万,3.57%,2.25
1995-05-31,5.47,5.35,5.47,5.29,11388,491万,3.22%,1.88
1995-06-01,5.41,5.47,5.53,5.39,6228,274万,2.69%,1.03
1995-06-02,5.47,5.71,5.77,5.47,26527,1214万,5.48%,4.38
1995-06-05,5.71,5.70,5.94,5.57,32796,1523万,6.51%,5.41
1995-06-06,5.48,5.75,5.77,5.41,25050,1124万,6.32%,4.13
1995-06-07,5.70,6.38,6.41,5.65,165244,7859万,13.15%,27.26
1995-06-08,6.25,5.95,6.46,5.89,138759,6919万,8.83%,22.89
1995-06-09,5.95,5.90,6.06,5.81,40826,1947万,4.23%,6.74
1995-06-12,5.92,5.95,6.13,5.88,39382,1907万,4.27%,6.5
1995-06-13,6.07,5.93,6.07,5.86,18290,878万,3.63%,3.02
1995-06-14,5.93,5.72,5.93,5.68,22019,1022万,4.25%,3.63
1995-06-15,5.65,5.33,5.68,5.12,50304,2146万,9.64%,8.3
1995-06-16,5.20,5.33,5.45,5.17,20849,897万,5.18%,3.44
1995-06-19,5.21,5.27,5.35,5.14,10388,438万,4.05%,1.71
1995-06-20,5.34,5.24,5.34,5.23,9304,395万,2.05%,1.53
1995-06-21,5.26,5.45,5.48,5.24,15162,656万,4.58%,2.5
1995-06-22,5.41,5.35,5.48,5.32,14568,630万,3.08%,2.4
1995-06-23,5.34,5.45,5.45,5.34,12854,559万,2.02%,2.12
1995-06-26,5.45,5.45,5.48,5.36,8275,362万,2.20%,1.37
1995-06-27,5.59,5.75,5.93,5.59,78817,3701万,6.17%,13
1995-06-28,5.71,5.77,5.81,5.56,27439,1255万,4.38%,4.53
1995-06-29,5.75,5.66,5.82,5.59,26249,1199万,3.95%,4.33
1995-06-30,5.47,5.35,5.53,5.23,36405,1571万,5.30%,6.01
1995-07-03,5.14,5.06,5.23,5.06,17979,741万,3.14%,2.97
1995-07-04,5.00,5.15,5.17,5.00,13393,546万,3.32%,2.21
1995-07-05,5.15,5.28,5.30,5.11,15217,636万,3.73%,2.51
1995-07-06,5.34,5.34,5.58,5.18,38079,1646万,7.50%,6.28
1995-07-07,5.35,5.53,5.53,5.23,27867,1213万,5.62%,4.6
1995-07-10,5.58,5.45,5.58,5.38,19848,870万,3.69%,3.27
1995-07-11,5.42,5.26,5.47,5.23,10516,451万,4.41%,1.73
1995-07-12,5.21,5.24,5.29,5.21,6546,276万,1.60%,1.08
1995-07-13,5.27,5.34,5.34,5.23,4806,204万,2.06%,0.79
1995-07-14,5.41,5.26,5.41,5.24,6643,282万,3.15%,1.1
1995-07-17,5.17,5.47,5.54,5.17,22476,985万,7.08%,3.71
1995-07-18,5.47,5.42,5.53,5.33,16751,728万,3.73%,2.76
1995-07-19,5.41,5.36,5.81,5.36,31385,1400万,8.19%,5.18
1995-07-20,5.36,5.34,5.47,5.26,10294,442万,4.03%,1.7
1995-07-21,5.35,5.34,5.41,5.29,6405,274万,2.25%,1.06
1995-07-24,5.32,5.45,5.58,5.32,19110,836万,4.94%,3.15
1995-07-25,5.50,5.50,5.60,5.41,18182,806万,3.52%,3
1995-07-26,5.74,5.51,5.75,5.47,34345,1550万,5.02%,5.67
1995-07-27,5.47,5.59,5.59,5.47,15252,679万,2.18%,2.52
1995-07-28,5.63,5.76,5.81,5.59,67844,3126万,3.86%,11.19
1995-07-31,5.86,5.71,5.93,5.65,34028,1587万,4.79%,5.61
1995-08-01,5.71,5.77,5.81,5.53,21582,990万,4.83%,3.56
1995-08-02,5.83,5.59,5.89,5.56,42584,1981万,5.82%,7.03
1995-08-03,5.57,5.58,5.64,5.51,13649,611万,2.36%,2.25
1995-08-04,5.60,5.59,5.66,5.57,6611,298万,1.72%,1.09
1995-08-07,5.59,5.66,5.68,5.59,7236,327万,1.50%,1.19
1995-08-08,5.72,5.58,5.77,5.57,9465,430万,3.60%,1.56
1995-08-09,5.60,5.59,5.64,5.53,7636,343万,1.94%,1.26
1995-08-10,5.63,5.75,5.87,5.63,37570,1743万,4.29%,6.2
1995-08-11,5.83,5.81,5.87,5.69,29596,1374万,3.13%,4.88
1995-08-14,5.93,6.31,6.37,5.89,112175,5568万,8.26%,18.51
1995-08-15,6.19,5.95,6.24,5.93,36152,1759万,4.94%,5.96
1995-08-16,5.95,6.22,6.25,5.94,60879,2999万,5.24%,10.04
1995-08-17,6.31,6.31,6.55,6.17,82447,4250万,6.18%,13.6
1995-08-18,6.37,5.98,6.41,5.90,35519,1752万,7.98%,5.86
1995-08-21,5.89,5.76,5.93,5.71,17478,819万,3.61%,2.88
1995-08-22,5.77,5.80,5.81,5.69,11294,522万,2.08%,1.86
1995-08-23,5.77,5.69,5.93,5.65,11106,514万,4.76%,1.83
1995-08-24,5.66,5.66,5.76,5.57,9779,445万,3.38%,1.61
1995-08-25,5.65,5.65,5.70,5.62,6572,299万,1.48%,1.08
1995-08-28,5.64,5.74,5.81,5.62,6304,290万,3.40%,1.04
1995-08-29,5.80,5.71,5.89,5.63,11084,519万,4.60%,1.83
1995-08-30,5.65,5.63,5.76,5.62,5213,238万,2.52%,0.86
1995-08-31,5.62,5.72,5.74,5.60,4674,213万,2.35%,0.77
1995-09-01,5.77,5.75,5.77,5.68,4600,211万,1.68%,0.76
1995-09-04,5.75,5.96,6.04,5.72,35397,1690万,5.43%,5.84
1995-09-05,6.01,6.00,6.12,5.90,38884,1880万,3.62%,6.41
1995-09-06,6.05,7.45,7.54,6.01,263830,1.47亿,25.40%,43.52
1995-09-07,7.39,6.95,7.69,6.89,187504,1.11亿,10.79%,30.93
1995-09-08,6.91,6.74,7.03,6.60,83091,4552万,6.22%,13.71
1995-09-11,6.77,6.97,7.09,6.67,64843,3632万,6.23%,10.7
1995-09-12,7.04,6.70,7.09,6.65,46422,2569万,6.37%,7.66
1995-09-13,6.67,6.85,6.94,6.67,34379,1894万,3.94%,5.67
1995-09-14,6.85,6.72,6.91,6.67,28229,1545万,3.50%,4.66
1995-09-15,6.31,6.62,6.79,6.31,20981,1120万,7.14%,3.46
1995-09-18,6.56,6.52,6.62,6.37,22755,1188万,3.80%,3.75
1995-09-19,6.55,6.47,6.62,6.43,23118,1219万,2.95%,3.81
1995-09-20,6.47,6.40,6.47,6.31,16566,852万,2.41%,2.73
1995-09-21,6.41,6.62,6.62,6.41,23118,1227万,3.38%,3.81
1995-09-22,6.62,6.49,6.64,6.44,11181,589万,2.90%,1.84
1995-09-25,6.43,6.36,6.50,6.32,7212,374万,2.77%,1.19
1995-09-26,6.41,6.44,6.47,6.35,7152,370万,1.89%,1.18
1995-09-27,6.22,6.22,6.37,6.22,21831,1108万,2.42%,3.6
1995-09-28,6.19,6.26,6.30,6.02,24315,1205万,4.44%,4.01
1995-09-29,6.31,6.54,6.62,6.30,37966,1994万,5.17%,6.26
1995-10-04,6.49,6.52,6.54,6.41,11159,584万,2.02%,1.84
1995-10-05,6.56,6.65,6.74,6.50,23948,1285万,3.68%,3.95
1995-10-06,6.68,6.43,6.72,6.43,22720,1205万,4.33%,3.75
1995-10-09,6.32,6.30,6.37,6.25,17662,899万,1.87%,2.91
1995-10-10,6.26,6.29,6.46,6.22,16147,826万,3.81%,2.66
1995-10-11,6.25,6.47,6.53,6.23,24310,1255万,4.77%,4.01
1995-10-12,6.49,6.49,6.74,6.48,61518,3298万,4.08%,10.15
1995-10-13,6.53,6.43,6.53,6.20,32360,1659万,4.99%,5.34
1995-10-17,6.52,6.41,6.59,6.26,11380,589万,5.04%,1.88
1995-10-18,6.38,6.48,6.61,6.26,20528,1059万,5.43%,3.39
1995-10-19,6.50,6.34,6.53,6.34,20653,1079万,2.96%,3.41
1995-10-20,6.31,6.44,6.53,6.25,17041,877万,4.36%,2.81
1995-10-23,6.49,6.65,6.74,6.34,45863,2450万,6.33%,7.57
1995-10-24,6.68,6.60,6.70,6.54,18278,977万,2.35%,3.02
1995-10-25,7.01,7.08,7.25,6.79,134839,7684万,6.91%,22.24
1995-10-26,6.85,6.64,7.02,6.60,52506,2901万,5.93%,8.66
1995-10-27,6.64,6.53,6.71,6.49,28416,1514万,3.25%,4.69
1995-10-30,6.53,6.54,6.62,6.50,14041,745万,1.84%,2.32
1995-10-31,6.53,6.54,6.61,6.47,13394,707万,2.20%,2.21
1995-11-01,6.53,6.55,6.66,6.44,9599,508万,3.30%,1.58
1995-11-02,6.55,6.61,6.65,6.53,9635,514万,1.83%,1.59
1995-11-03,6.66,6.64,6.66,6.59,9740,521万,1.09%,1.61
1995-11-06,6.67,6.79,6.79,6.64,18589,1011万,2.35%,3.07
1995-11-07,6.77,6.66,6.77,6.64,8276,449万,1.94%,1.37
1995-11-08,6.61,6.46,6.61,6.43,16124,847万,2.70%,2.66
1995-11-09,6.41,6.46,6.49,6.31,10767,556万,2.79%,1.78
1995-11-10,6.46,6.40,6.46,6.37,7056,365万,1.30%,1.16
1995-11-13,6.43,6.24,6.43,6.20,9686,491万,3.56%,1.6
1995-11-14,6.20,6.25,6.29,6.19,9053,456万,1.54%,1.49
1995-11-15,6.25,6.34,6.35,6.19,6385,322万,2.50%,1.05
1995-11-16,6.26,6.30,6.52,6.23,11407,590万,4.55%,1.88
1995-11-17,6.20,6.25,6.31,6.20,5482,278万,1.71%,0.9
1995-11-20,6.22,6.34,6.36,6.22,5441,278万,2.30%,0.9
1995-11-21,6.40,6.35,6.40,6.31,2767,142万,1.33%,0.46
1995-11-22,6.37,6.12,6.37,6.11,5108,256万,4.16%,0.84
1995-11-23,6.12,6.06,6.18,6.00,6561,322万,2.94%,1.08
1995-11-24,5.99,6.01,6.07,5.95,4277,207万,1.98%,0.71
1995-11-27,5.95,5.90,6.00,5.90,4521,217万,1.60%,0.75
1995-11-28,5.87,6.05,6.05,5.84,3647,174万,3.46%,0.6
1995-11-29,6.00,5.89,6.02,5.87,3211,154万,2.58%,0.53
1995-11-30,5.89,5.87,6.00,5.77,3301,156万,3.87%,0.54
1995-12-01,5.77,5.70,5.82,5.60,3513,163万,3.68%,0.58
1995-12-04,5.70,5.75,5.75,5.68,1662,76.7万,1.26%,0.27
1995-12-05,5.82,5.72,5.82,5.72,1266,59.0万,1.67%,0.21
1995-12-06,5.70,5.59,5.72,5.54,3103,141万,3.14%,0.51
1995-12-07,5.59,5.60,5.63,5.52,3047,137万,1.93%,0.5
1995-12-08,5.68,5.68,5.75,5.60,4787,220万,2.57%,0.79
1995-12-11,5.65,5.50,5.72,5.50,3840,173万,4.02%,0.63
1995-12-12,5.47,5.54,5.68,5.35,5019,220万,5.90%,0.83
1995-12-13,5.54,5.40,5.54,5.38,3519,154万,3.03%,0.58
1995-12-14,5.35,5.47,5.52,5.30,2483,108万,4.00%,0.41
1995-12-15,5.35,5.40,5.45,5.33,3414,148万,2.19%,0.56
1995-12-18,5.38,5.29,5.38,5.22,3086,131万,2.89%,0.51
1995-12-19,5.27,5.33,5.45,5.27,1553,66.7万,3.40%,0.26
1995-12-20,5.33,5.42,5.42,5.33,1592,68.6万,1.80%,0.26
1995-12-21,5.42,5.50,5.54,5.38,4437,195万,3.10%,0.73
1995-12-22,5.47,5.52,5.75,5.42,14138,637万,5.90%,2.33
1995-12-25,5.45,5.35,5.50,5.35,6047,264万,2.61%,1
1995-12-26,5.35,5.35,5.47,5.30,4306,187万,3.14%,0.71
1995-12-27,5.35,5.40,5.50,5.29,5734,248万,3.81%,0.95
1995-12-28,5.35,5.24,5.50,5.24,5713,248万,4.67%,0.94
1995-12-29,5.20,5.10,5.27,5.05,6046,249万,4.12%,1
1996-01-02,4.99,4.92,5.00,4.91,3412,135万,1.88%,0.56
1996-01-03,4.85,4.93,4.97,4.76,3271,128万,4.15%,0.54
1996-01-04,4.97,5.10,5.17,4.87,5937,238万,6.08%,0.98
1996-01-05,5.10,4.85,5.17,4.81,6104,245万,7.06%,1.01
1996-01-08,4.76,4.92,4.97,4.74,2238,87.3万,4.70%,0.37
1996-01-09,4.87,5.17,5.24,4.87,7680,313万,7.56%,1.27
1996-01-10,5.08,5.03,5.10,4.94,7396,298万,3.02%,1.22
1996-01-11,5.08,4.97,5.10,4.93,4364,175万,3.34%,0.72
1996-01-12,4.97,5.00,5.05,4.96,4690,189万,1.93%,0.77
1996-01-15,4.98,5.08,5.12,4.94,3078,125万,3.60%,0.51
1996-01-16,5.03,5.08,5.22,5.00,5294,216万,4.26%,0.87
1996-01-17,5.05,4.93,5.08,4.88,3138,125万,3.78%,0.52
1996-01-18,4.87,4.72,4.91,4.69,8016,305万,4.38%,1.32
1996-01-19,4.69,4.79,4.80,4.68,3855,146万,2.54%,0.64
1996-01-22,4.79,4.69,4.79,4.51,2474,92.9万,5.76%,0.41
1996-01-23,4.69,4.78,4.85,4.69,3014,115万,3.32%,0.5
1996-01-24,4.82,4.87,4.93,4.80,4942,193万,2.76%,0.82
1996-01-25,4.90,4.79,5.08,4.79,12082,481万,5.91%,1.99
1996-01-26,4.69,5.03,5.03,4.69,6933,271万,7.02%,1.14
1996-01-29,5.05,5.29,5.38,5.05,54898,2333万,6.44%,9.06
1996-01-30,5.27,5.40,5.40,5.08,33723,1423万,6.12%,5.56
1996-01-31,5.29,5.42,5.52,5.29,58289,2544万,4.22%,9.62
1996-02-01,5.38,5.38,5.42,5.30,14931,643万,2.21%,2.46
1996-02-02,5.20,5.20,5.22,5.10,23642,981万,2.23%,3.9
1996-02-05,5.22,5.03,5.27,4.99,12484,511万,5.31%,2.06
1996-02-06,4.99,5.03,5.05,4.93,8417,337万,2.39%,1.39
1996-02-07,4.98,5.05,5.05,4.97,3702,149万,1.67%,0.61
1996-02-08,5.05,4.98,5.05,4.98,3009,121万,1.43%,0.5
1996-02-09,4.98,5.03,5.05,4.98,2913,117万,1.45%,0.48
1996-02-12,5.03,5.08,5.08,5.00,1960,79.2万,1.43%,0.32
1996-02-13,5.08,5.17,5.17,5.05,5952,245万,2.36%,0.98
1996-02-14,5.20,5.20,5.27,5.12,8599,360万,2.78%,1.42
1996-02-15,5.17,5.30,5.33,5.17,12278,520万,3.00%,2.03
1996-02-16,5.33,5.47,5.50,5.33,30584,1336万,3.17%,5.05
1996-03-04,5.89,5.90,5.93,5.52,47396,2190万,7.46%,7.82
1996-03-05,5.84,5.82,5.95,5.63,37822,1765万,5.49%,6.24
1996-03-06,5.70,5.45,5.77,5.27,19106,852万,8.66%,3.15
1996-03-07,5.46,5.59,5.59,5.45,11462,511万,2.64%,1.89
1996-03-08,5.59,5.59,5.60,5.50,9995,447万,1.93%,1.65
1996-03-11,5.57,5.54,5.63,5.47,7669,342万,2.79%,1.27
1996-03-12,5.59,5.63,5.68,5.50,19775,892万,3.25%,3.26
1996-03-13,5.63,5.57,5.63,5.52,5158,231万,1.92%,0.85
1996-03-14,5.54,5.50,5.59,5.47,7316,324万,2.16%,1.21
1996-03-15,5.47,5.42,5.47,5.35,4802,209万,2.18%,0.79
1996-03-18,5.38,5.47,5.50,5.35,4386,192万,2.65%,0.72
1996-03-19,5.47,5.45,5.52,5.42,3073,135万,1.75%,0.51
1996-03-20,5.45,5.50,5.50,5.45,2764,122万,0.88%,0.46
1996-03-21,5.52,5.47,5.54,5.45,3508,155万,1.75%,0.58
1996-03-22,5.47,5.47,5.50,5.42,3483,153万,1.32%,0.57
1996-03-25,5.47,5.47,5.50,5.45,2138,94.3万,0.88%,0.35
1996-03-26,5.47,5.40,5.50,5.38,3586,157万,2.19%,0.59
1996-03-27,5.38,5.38,5.40,5.33,4360,188万,1.33%,0.72
1996-03-28,5.38,5.27,5.38,5.27,3168,136万,2.01%,0.52
1996-03-29,5.24,5.27,5.27,5.17,5296,223万,1.82%,0.87
1996-04-01,5.29,5.29,5.47,5.27,5460,235万,3.87%,0.9
1996-04-02,5.27,5.22,5.30,5.22,2799,118万,1.59%,0.46
1996-04-03,5.22,5.24,5.29,5.22,1207,50.9万,1.38%,0.2
1996-04-04,5.24,5.27,5.29,5.22,1797,76.0万,1.37%,0.3
1996-04-05,5.24,5.42,5.45,5.24,2489,107万,3.87%,0.41
1996-04-08,5.42,5.38,5.42,5.35,3929,171万,1.33%,0.65
1996-04-09,5.38,5.35,5.42,5.35,1547,66.9万,1.34%,0.26
1996-04-10,5.38,5.38,5.42,5.38,2658,116万,0.90%,0.44
1996-04-11,5.40,5.38,5.40,5.35,2047,88.3万,0.89%,0.34
1996-04-12,5.40,5.40,5.45,5.38,3982,173万,1.34%,0.66
1996-04-15,5.40,5.38,5.52,5.38,6210,271万,2.67%,1.02
1996-04-16,5.40,5.52,5.52,5.40,12205,537万,2.23%,2.01
1996-04-17,5.52,5.50,5.59,5.47,6579,292万,2.17%,1.09
1996-04-18,5.50,5.54,5.57,5.42,5514,244万,2.62%,0.91
1996-04-19,5.59,5.70,5.72,5.57,20013,912万,2.81%,3.3
1996-04-22,5.72,5.77,6.12,5.72,37532,1783万,6.95%,6.19
1996-04-23,5.75,5.93,5.93,5.70,16712,783万,3.95%,2.76
1996-04-24,6.07,6.32,6.35,6.00,53865,2693万,5.87%,8.89
1996-04-25,6.42,6.00,6.42,6.00,42191,2119万,6.64%,6.96
1996-04-29,6.60,6.77,7.00,6.44,59715,3230万,9.20%,9.85
1996-04-30,6.70,6.23,6.74,6.20,37014,1925万,7.98%,6.11
1996-05-02,6.55,5.93,6.67,5.84,22066,1109万,13.29%,3.64
1996-05-03,5.84,5.95,6.10,5.84,12579,608万,4.25%,2.08
1996-05-06,5.95,6.25,6.32,5.95,17859,899万,6.25%,2.95
1996-05-07,6.30,6.32,6.60,6.07,35593,1846万,8.45%,5.87
1996-05-08,6.32,6.32,6.40,6.19,12605,641万,3.23%,2.08
1996-05-09,6.30,6.20,6.37,6.14,10000,506万,3.61%,1.65
1996-05-10,6.20,6.25,6.28,6.10,9139,457万,2.90%,1.51
1996-05-13,6.25,6.28,6.37,6.25,8293,423万,1.92%,1.37
1996-05-14,6.30,6.25,6.42,6.25,9339,478万,2.68%,1.54
1996-05-15,6.23,6.37,6.37,6.23,9141,468万,2.30%,1.51
1996-05-16,6.42,6.30,6.49,6.20,20408,1059万,4.52%,3.37
1996-05-17,6.35,6.50,6.50,6.30,15477,803万,3.24%,2.55
1996-05-20,6.55,6.25,6.62,5.60,22779,1192万,15.68%,3.76
1996-05-21,6.30,6.05,6.35,6.00,20183,1010万,5.57%,3.33
1996-05-22,6.07,6.10,6.14,6.00,7846,385万,2.38%,1.29
1996-05-23,6.12,5.84,6.12,5.82,7078,340万,4.92%,1.17
1996-05-24,5.82,5.93,6.00,5.68,3934,186万,5.54%,0.65
1996-05-27,5.95,5.89,5.95,5.82,3381,161万,2.23%,0.56
1996-05-28,5.89,5.98,6.00,5.89,2555,123万,1.83%,0.42
1996-05-29,6.05,6.05,6.07,5.98,1907,92.8万,1.61%,0.31
1996-05-30,5.98,5.89,6.02,5.84,4319,206万,2.98%,0.71
1996-05-31,5.86,5.88,6.02,5.86,3652,167万,2.85%,0.6
1996-06-03,5.88,5.82,5.88,5.80,6193,278万,1.43%,1.02
1996-06-04,5.82,5.80,5.93,5.80,7125,321万,2.27%,1.18
1996-06-05,5.77,6.23,6.23,5.77,12104,572万,7.87%,2
1996-06-06,6.25,6.25,6.40,6.16,22954,1117万,3.85%,3.79
1996-06-07,6.46,6.55,6.67,6.42,46027,2352万,4.03%,7.59
1996-06-10,6.67,6.97,7.10,6.58,73211,3945万,8.06%,12.08
1996-06-11,6.97,6.67,6.97,6.60,33110,1733万,5.34%,5.46
1996-06-12,6.80,6.65,7.02,6.62,30474,1606万,5.94%,5.03
1996-06-13,6.65,6.70,6.72,6.46,18418,948万,3.97%,3.04
1996-06-14,6.85,6.80,6.97,6.72,45926,2455万,3.76%,7.58
1996-06-17,6.80,6.46,6.80,6.46,16755,864万,5.11%,2.76
1996-06-18,6.50,6.74,6.76,6.48,15645,801万,4.28%,2.58
1996-06-19,6.80,6.65,6.88,6.58,21668,1125万,4.45%,3.57
1996-06-20,6.62,6.60,6.65,6.50,16817,861万,2.17%,2.77
1996-06-21,6.62,6.60,6.72,6.58,25530,1317万,2.18%,4.21
1996-06-24,6.71,6.78,6.99,6.60,12650,612万,5.91%,1.61
1996-06-25,6.42,6.63,6.71,6.35,9263,437万,5.30%,1.18
1996-06-26,6.57,6.90,6.93,6.57,16351,794万,5.41%,2.07
1996-06-27,7.06,7.26,7.32,6.96,34467,1745万,5.20%,4.37
1996-06-28,7.29,6.99,7.32,6.96,19479,987万,4.94%,2.47
1996-07-01,6.84,6.54,6.87,6.29,12455,586万,8.25%,1.58
1996-07-02,6.51,6.48,6.54,6.39,8550,395万,2.38%,1.08
1996-07-03,6.51,6.54,6.63,6.45,7355,342万,2.89%,0.93
1996-07-04,6.54,6.28,6.57,6.28,10767,493万,4.53%,1.37
1996-07-05,6.45,6.63,6.74,6.32,17429,824万,6.71%,2.21
1996-07-08,6.65,6.63,6.74,6.45,13047,615万,4.47%,1.66
1996-07-09,6.63,6.68,6.68,6.51,14532,684万,2.59%,1.84
1996-07-10,6.71,7.13,7.26,6.71,51472,2588万,8.17%,6.53
1996-07-11,7.13,6.81,7.35,6.74,27181,1369万,8.53%,3.45
1996-07-12,6.71,6.81,6.81,6.60,12658,603万,2.98%,1.61
1996-07-15,6.81,6.87,6.96,6.63,10608,511万,4.81%,1.35
1996-07-16,6.96,7.10,7.13,6.84,15269,758万,4.32%,1.94
1996-07-17,7.26,7.06,7.45,6.96,51773,2672万,6.81%,6.57
1996-07-18,7.06,7.13,7.17,6.99,14748,739万,2.43%,1.87
1996-07-19,7.13,7.49,7.52,7.06,47083,2443万,6.56%,5.97
1996-07-22,7.74,8.30,8.58,7.71,115462,6594万,11.66%,14.65
1996-07-23,8.19,7.98,8.24,7.74,45552,2550万,6.01%,5.78
1996-07-24,7.98,8.07,8.19,7.84,43999,2472万,4.50%,5.58
1996-07-25,7.98,8.19,8.58,7.98,60899,3512万,7.54%,7.73
1996-07-26,8.01,7.71,8.19,7.65,46454,2582万,6.66%,5.89
1996-07-29,7.65,7.95,7.95,7.59,25953,1412万,4.65%,3.29
1996-07-30,7.98,7.62,8.13,7.59,22086,1208万,6.87%,2.8
1996-07-31,7.65,7.68,7.95,7.62,32412,1769万,4.30%,4.11
1996-08-01,7.68,7.77,7.91,7.52,25677,1393万,5.08%,3.26
1996-08-02,7.98,8.04,8.37,7.84,79202,4506万,6.82%,10.05
1996-08-05,8.23,8.82,8.85,8.23,153034,9151万,7.76%,19.42
1996-08-06,8.79,8.46,8.79,8.37,75241,4487万,4.78%,9.55
1996-08-07,8.58,8.82,9.02,8.58,94058,5763万,5.16%,11.94
1996-08-08,8.76,8.62,8.94,8.43,49002,2939万,5.84%,6.22
1996-08-09,8.62,8.46,8.66,8.23,35888,2122万,5.07%,4.55
1996-08-12,8.62,8.76,8.91,8.52,51273,3125万,4.61%,6.51
1996-08-13,8.85,8.63,8.85,8.58,22042,1330万,3.03%,2.8
1996-08-14,8.62,8.62,8.74,8.49,25729,1544万,2.89%,3.26
1996-08-15,8.63,8.85,9.15,8.58,78916,4901万,6.52%,10.01
1996-08-16,8.69,8.94,9.05,8.58,52399,3204万,5.29%,6.65
1996-08-19,9.08,9.12,9.36,8.97,97838,6236万,4.36%,12.42
1996-08-20,9.15,8.73,9.15,8.69,36948,2279万,4.96%,4.69
1996-08-21,8.88,9.05,9.24,8.82,61240,3820万,4.83%,7.77
1996-08-22,9.16,8.79,9.21,8.74,37266,2314万,5.17%,4.73
1996-08-23,8.85,8.69,9.01,8.43,48612,2930万,6.57%,6.17
1996-08-26,8.63,8.73,8.85,8.58,27674,1682万,3.05%,3.51
1996-08-27,8.76,9.05,9.05,8.69,33765,2088万,4.11%,4.28
1996-08-28,9.05,9.01,9.21,8.88,43505,2731万,3.62%,5.52
1996-08-29,8.91,8.85,8.97,8.63,28901,1770万,3.81%,3.67
1996-08-30,8.76,9.27,9.40,8.73,85050,5432万,7.58%,10.79
1996-09-02,9.40,9.54,9.60,9.30,60240,3944万,3.20%,7.64
1996-09-03,9.54,9.15,9.69,9.01,58124,3780万,7.20%,7.38
1996-09-04,8.91,9.24,9.30,8.91,40644,2575万,4.26%,5.16
1996-09-05,9.30,9.36,9.90,9.27,87467,5804万,6.75%,11.1
1996-09-06,9.30,9.24,9.47,9.01,40177,2559万,5.00%,5.1
1996-09-09,9.15,9.15,9.21,9.05,19429,1229万,1.69%,2.47
1996-09-10,8.91,8.69,9.08,8.63,31968,1955万,4.95%,4.06
1996-09-11,8.63,8.91,9.01,8.46,28708,1752万,6.28%,3.64
1996-09-12,8.91,8.63,9.01,8.52,22596,1371万,5.43%,2.87
1996-09-13,8.52,8.79,8.82,8.40,14088,844万,4.88%,1.79
1996-09-16,8.76,8.63,8.76,8.55,10970,659万,2.31%,1.39
1996-09-17,8.62,8.62,8.76,8.58,12847,773万,1.99%,1.63
1996-09-18,8.62,8.30,8.76,8.27,14623,867万,5.61%,1.86
1996-09-19,8.23,8.37,8.37,8.13,11005,632万,2.82%,1.4
1996-09-20,8.37,8.85,8.91,8.30,18332,1098万,7.27%,2.33
1996-09-23,8.91,9.21,9.30,8.76,54139,3407万,6.17%,6.87
1996-09-24,9.30,9.27,9.51,9.12,68891,4444万,4.24%,8.74
1996-09-25,9.36,8.91,9.47,8.85,25750,1618万,6.73%,3.27
1996-09-26,9.08,9.05,9.30,8.94,29060,1844万,4.03%,3.69
1996-09-27,9.08,9.15,9.30,9.02,30090,1911万,3.10%,3.82
1996-10-03,9.27,9.12,9.40,9.08,29643,1900万,3.41%,3.76
1996-10-04,9.12,9.12,9.21,8.91,18761,1173万,3.25%,2.38
1996-10-07,9.12,9.27,9.54,8.97,42334,2719万,6.16%,5.37
1996-10-08,9.41,9.27,9.41,9.18,21597,1386万,2.52%,2.74
1996-10-09,9.33,9.05,9.36,9.01,21683,1370万,3.87%,2.75
1996-10-10,9.12,9.60,9.79,9.08,85344,5639万,7.75%,10.83
1996-10-11,9.79,9.69,9.86,9.63,78036,5254万,2.44%,9.9
1996-10-14,10.14,10.22,10.41,9.86,90865,6342万,5.63%,11.53
1996-10-15,10.22,9.86,10.22,9.75,49362,3366万,4.58%,6.26
1996-10-16,10.02,9.69,10.18,9.57,45130,3055万,6.17%,5.73
1996-10-17,9.69,9.90,9.90,9.47,44735,3004万,4.35%,5.68
1996-10-18,10.08,9.66,10.25,9.60,48911,3323万,6.62%,6.21
1996-10-21,9.66,9.83,9.86,9.60,28667,1920万,2.74%,3.64
1996-10-22,9.79,9.74,9.91,9.43,29182,1956万,4.92%,3.7
1996-10-23,9.79,10.22,10.25,9.75,67907,4742万,5.13%,8.62
1996-10-24,10.47,10.11,10.61,9.99,54087,3808万,6.10%,6.86
1996-10-25,10.02,10.25,10.25,9.80,67333,4678万,4.47%,8.54
1996-10-28,10.18,11.07,11.22,10.18,111238,8328万,10.19%,14.12
1996-10-29,11.22,10.71,11.22,10.57,63113,4718万,5.92%,8.01
1996-10-30,10.61,9.86,10.68,9.79,59004,4132万,8.31%,7.49
1996-10-31,9.90,10.08,10.14,9.72,31044,2121万,4.27%,3.94
1996-11-01,9.63,9.54,9.83,9.24,42204,2792万,5.88%,5.36
1996-11-04,9.54,9.72,9.79,9.40,16773,1117万,4.09%,2.13
1996-11-05,9.69,9.51,9.75,9.41,13274,880万,3.53%,1.68
1996-11-06,9.41,9.41,9.54,9.33,16286,1061万,2.13%,2.07
1996-11-07,9.54,9.63,9.63,9.40,11657,765万,2.49%,1.48
1996-11-08,9.63,9.51,9.66,9.40,8415,554万,2.75%,1.07
1996-11-11,9.51,9.75,9.83,9.51,15130,1013万,3.45%,1.92
1996-11-12,9.83,9.69,9.93,9.54,15491,1039万,4.00%,1.97
1996-11-13,9.79,9.60,9.79,9.54,16707,1112万,2.58%,2.12
1996-11-14,9.63,9.90,10.02,9.60,25218,1709万,4.39%,3.2
1996-11-15,9.90,9.79,9.93,9.63,18539,1247万,3.00%,2.35
1996-11-18,9.63,10.19,10.32,9.57,44682,3087万,7.65%,5.67
1996-11-19,10.50,10.47,10.83,10.32,86547,6289万,5.05%,10.98
1996-11-20,10.41,10.29,10.41,10.02,34209,2410万,3.72%,4.34
1996-11-21,10.29,9.54,10.38,9.54,37072,2561万,8.19%,4.7
1996-11-22,9.40,9.44,9.54,9.18,20464,1319万,3.76%,2.6
1996-11-24,9.65,9.91,10.02,9.60,25218,1709万,4.46%,3.2
1996-11-25,9.40,9.72,9.72,9.24,19460,1279万,4.88%,2.47
1996-11-26,9.80,9.57,9.86,9.41,15001,998万,4.65%,1.9
1996-11-27,9.57,9.72,9.93,9.47,16736,1123万,4.73%,2.12
1996-11-28,9.75,10.08,10.32,9.69,54308,3777万,6.42%,6.89
1996-11-29,10.33,11.31,11.50,10.25,188186,1.41亿,12.38%,23.88
1996-12-02,12.03,13.31,13.53,12.03,220793,1.94亿,13.24%,28.02
1996-12-03,13.89,13.12,14.17,12.98,162692,1.49亿,8.91%,20.65
1996-12-04,13.25,14.73,14.76,13.14,137009,1.28亿,12.36%,17.39
1996-12-05,15.32,15.14,15.60,14.54,110111,1.11亿,7.20%,13.97
1996-12-06,14.93,15.57,15.92,14.08,99239,1.02亿,12.16%,12.59
1996-12-09,15.85,15.85,16.10,15.64,84389,9002万,3.01%,10.71
1996-12-10,15.64,15.15,15.78,14.19,61541,6307万,10.04%,7.81
1996-12-11,14.86,15.09,15.46,14.54,48485,4918万,6.07%,6.15
1996-12-12,14.86,13.84,15.15,13.31,56924,5527万,12.20%,7.22
1996-12-13,13.33,13.06,14.08,13.00,41689,3823万,7.78%,5.29
1996-12-16,11.67,11.67,11.67,11.67,4163,332万,0.00%,0.53
1996-12-17,10.44,10.44,11.67,10.44,39548,2862万,10.56%,5.02
1996-12-18,10.14,11.55,11.55,10.02,69265,5197万,14.64%,8.79
1996-12-19,11.67,10.74,12.33,10.32,82492,6456万,17.43%,10.47
1996-12-20,10.64,10.96,11.10,10.32,48171,3556万,7.26%,6.11
1996-12-23,11.25,11.36,11.74,11.03,39142,3038万,6.41%,4.97
1996-12-24,11.36,10.47,11.49,10.47,25321,1894万,8.92%,3.21
1996-12-25,10.47,11.07,11.13,10.35,29620,2189万,7.45%,3.76
1996-12-26,11.10,11.55,11.74,10.80,42984,3328万,8.46%,5.45
1996-12-27,11.42,11.25,11.55,10.96,33955,2607万,5.13%,4.31
1996-12-30,11.25,11.36,11.46,11.10,27731,2134万,3.19%,3.52
1996-12-31,11.25,10.96,11.42,10.86,23517,1776万,4.94%,2.98
1997-01-02,10.96,10.92,11.14,10.77,10619,792万,3.42%,1.35
1997-01-03,10.99,10.64,11.08,10.57,13142,969万,4.71%,1.67
1997-01-06,10.46,10.33,10.64,10.25,12060,861万,3.66%,1.53
1997-01-07,10.30,10.63,10.80,10.18,14966,1075万,6.04%,1.9
1997-01-08,10.55,10.49,10.69,10.38,6579,473万,2.94%,0.83
1997-01-09,10.49,10.61,10.80,10.49,7170,524万,2.97%,0.91
1997-01-10,10.63,10.72,10.78,10.50,9895,722万,2.65%,1.26
1997-01-13,10.77,10.96,11.05,10.77,17124,1282万,2.62%,2.17
1997-01-14,10.96,10.57,11.00,10.46,10419,763万,4.98%,1.32
1997-01-15,10.55,10.68,10.72,10.44,12004,870万,2.66%,1.52
1997-01-16,10.64,10.60,10.71,10.44,7564,546万,2.48%,0.96
1997-01-17,10.61,10.64,10.71,10.52,5969,434万,1.77%,0.76
1997-01-20,10.58,10.69,10.74,10.57,9044,660万,1.61%,1.15
1997-01-21,10.72,10.72,11.02,10.64,10854,805万,3.50%,1.38
1997-01-22,10.64,10.88,10.88,10.63,10940,804万,2.33%,1.39
1997-01-23,10.86,11.16,11.38,10.77,29719,2256万,5.59%,3.77
1997-01-24,11.16,11.07,11.24,10.78,12157,914万,4.05%,1.54
1997-01-27,11.00,11.07,11.16,10.88,13347,1006万,2.54%,1.69
1997-01-28,11.03,10.92,11.07,10.77,9788,729万,2.68%,1.24
1997-01-29,10.80,11.17,11.47,10.80,22159,1697万,6.14%,2.81
1997-01-30,11.19,11.03,11.19,10.94,12097,915万,2.23%,1.54
1997-01-31,11.03,11.11,11.17,11.03,15311,1164万,1.27%,1.94
1997-02-17,11.11,11.24,11.28,10.99,13511,1030万,2.67%,1.71
1997-02-18,11.24,10.04,11.30,10.04,26188,1905万,11.25%,3.32
1997-02-19,10.30,10.78,10.94,10.30,15312,1111万,6.37%,1.94
1997-02-20,9.63,10.57,10.64,9.63,29542,2085万,9.40%,3.75
1997-02-21,10.57,11.70,11.70,10.50,73979,5717万,11.37%,9.39
1997-02-24,12.05,11.81,12.47,11.81,84956,6962万,5.60%,10.78
1997-02-25,11.86,11.63,11.97,11.50,30688,2453万,3.96%,3.89
1997-02-26,11.70,11.83,11.94,11.44,23812,1899万,4.29%,3.02
1997-02-27,11.89,11.55,12.02,11.42,22029,1762万,5.01%,2.8
1997-02-28,11.44,11.81,11.88,11.27,22777,1796万,5.27%,2.89
1997-03-03,11.85,12.06,12.17,11.78,38412,3120万,3.30%,4.87
1997-03-04,12.05,11.89,12.05,11.66,26880,2172万,3.23%,3.41
1997-03-05,11.89,11.89,12.38,11.74,36963,3034万,5.38%,4.69
1997-03-06,11.81,12.39,12.52,11.67,57737,4805万,7.08%,7.33
1997-03-07,12.67,12.80,13.42,12.53,113444,9937万,7.18%,14.4
1997-03-10,12.80,12.81,12.98,12.61,45444,3940万,2.93%,5.77
1997-03-11,12.83,12.64,12.86,12.48,35378,3028万,2.92%,4.49
1997-03-12,12.59,12.83,13.03,12.48,36183,3123万,4.32%,4.59
1997-03-13,12.80,12.58,12.97,12.52,35762,3079万,3.53%,4.54
1997-03-14,12.58,12.63,12.75,12.22,28051,2379万,4.22%,3.56
1997-03-17,12.69,12.77,12.91,12.50,43848,3779万,3.21%,5.56
1997-03-18,12.84,13.08,13.44,12.69,74096,6575万,5.87%,9.4
1997-03-19,13.22,12.92,13.37,12.77,28211,2475万,4.65%,3.58
1997-03-20,12.92,12.33,13.05,12.24,23984,2067万,6.28%,3.04
1997-03-21,12.25,12.91,13.06,12.22,25932,2221万,6.83%,3.29
1997-03-24,13.30,13.36,13.69,13.08,67067,6055万,4.71%,8.51
1997-03-25,13.44,13.08,13.51,12.86,31722,2822万,4.90%,4.03
1997-03-26,13.20,13.28,13.30,12.98,29134,2580万,2.39%,3.7
1997-03-27,13.41,13.58,13.84,13.19,65087,5964万,4.93%,8.26
1997-03-28,13.61,13.45,14.15,13.37,51719,4816万,5.75%,6.56
1997-03-31,13.70,13.97,14.00,13.61,37097,3480万,2.90%,4.71
1997-04-01,14.12,13.92,14.39,13.76,42878,4101万,4.47%,5.44
1997-04-02,13.87,13.61,14.01,13.55,23524,2184万,3.36%,2.99
1997-04-03,13.45,13.59,13.65,13.08,26075,2371万,4.24%,3.31
1997-04-04,13.69,13.61,13.75,13.41,33831,3095万,2.52%,4.29
1997-04-07,13.51,13.34,13.58,13.20,28229,2546万,2.75%,3.58
1997-04-08,13.30,13.06,13.36,12.98,22720,2024万,2.81%,2.88
1997-04-09,13.06,13.48,13.53,13.06,25585,2313万,3.58%,3.25
1997-04-10,13.50,13.45,13.92,13.37,31512,2905万,4.05%,4
1997-04-11,13.45,13.23,13.61,12.75,24713,2206万,6.38%,3.14
1997-04-14,13.31,13.90,14.17,13.31,68433,6393万,6.48%,8.68
1997-04-15,13.92,14.78,14.86,13.72,87328,8415万,8.19%,11.08
1997-04-16,14.98,14.98,15.32,14.40,105371,1.06亿,6.23%,13.37
1997-04-17,14.98,15.34,15.76,14.93,91127,9467万,5.52%,11.56
1997-04-18,15.48,15.42,15.60,14.87,50282,5154万,4.78%,6.38
1997-04-21,15.64,16.21,16.21,15.64,64510,6883万,3.74%,8.19
1997-04-22,16.21,15.48,16.21,15.29,58070,6129万,5.68%,7.37
1997-04-23,15.17,14.90,15.34,14.54,64584,6491万,5.14%,8.2
1997-04-24,14.82,14.51,14.82,14.20,58107,5649万,4.19%,7.37
1997-04-25,14.39,14.33,14.39,14.00,45923,4395万,2.69%,5.83
1997-04-28,14.33,14.73,15.17,14.23,62000,6164万,6.53%,7.87
1997-04-29,14.82,14.78,15.09,14.23,27287,2690万,5.82%,3.46
1997-04-30,14.89,14.86,14.98,14.54,29350,2913万,2.96%,3.72
1997-05-05,14.54,15.21,15.46,14.54,52298,5324万,6.20%,6.64
1997-05-06,15.25,15.95,16.10,15.18,85591,9066万,6.05%,10.86
1997-05-07,16.23,15.40,16.42,15.32,75664,8019万,6.85%,9.6
1997-05-08,15.48,14.31,15.60,14.23,48320,4876万,8.91%,6.13
1997-05-09,14.31,15.06,15.09,14.00,36154,3559万,7.63%,4.59
1997-05-12,15.17,15.79,15.79,15.17,61701,6472万,4.14%,7.83
1997-05-13,16.09,15.23,16.20,14.86,43956,4544万,8.50%,5.58
1997-05-14,15.17,14.23,15.17,14.08,28045,2756万,7.17%,3.56
1997-05-15,14.09,14.78,14.98,14.08,23374,2303万,6.36%,2.97
1997-05-16,13.23,13.23,14.51,13.23,37114,3434万,8.66%,4.71
1997-05-19,13.30,13.36,13.76,13.06,14141,1275万,5.30%,1.79
1997-05-20,13.45,13.64,13.76,13.41,11982,1101万,2.69%,1.52
1997-05-21,13.73,13.11,13.73,12.95,13281,1188万,5.72%,1.69
1997-05-22,11.74,11.70,12.48,11.70,16204,1311万,5.95%,2.06
1997-05-23,11.74,11.67,12.03,11.36,14363,1134万,5.73%,1.82
1997-05-26,11.58,11.49,12.03,11.08,8348,657万,8.15%,1.06
1997-05-27,11.42,11.89,11.89,11.42,10478,838万,4.07%,1.33
1997-05-28,11.89,11.80,12.02,11.74,9121,736万,2.36%,1.16
1997-05-29,11.75,11.77,12.05,11.60,7333,590万,3.83%,0.93
1997-05-30,11.44,11.89,11.91,11.44,5493,440万,3.98%,0.7
1997-06-02,12.06,12.66,12.75,12.06,16546,1405万,5.77%,2.1
1997-06-03,12.67,12.48,12.75,12.20,13449,1138万,4.31%,1.71
1997-06-04,12.52,12.63,12.75,12.30,14505,1233万,3.62%,1.84
1997-06-05,12.53,12.50,12.63,12.38,13479,1143万,1.98%,1.71
1997-06-06,11.60,11.66,11.97,11.31,21321,1697万,5.24%,2.71
1997-06-09,11.74,11.77,11.86,11.61,5498,440万,2.14%,0.7
1997-06-10,11.81,11.42,12.13,11.42,7677,622万,5.97%,0.97
1997-06-11,11.74,12.02,12.16,11.27,13650,1084万,7.78%,1.73
1997-06-12,12.19,11.74,12.28,11.50,11852,964万,6.49%,1.5
1997-06-13,11.42,11.95,12.02,11.39,12105,975万,5.32%,1.54
1997-06-16,12.13,12.52,12.97,12.05,22586,1917万,7.70%,2.87
1997-06-17,12.67,12.61,12.95,12.36,19454,1674万,4.74%,2.47
1997-06-19,12.63,11.88,12.67,11.70,11220,913万,7.67%,1.42
1997-06-20,11.89,12.34,12.34,11.89,13437,1110万,3.81%,1.71
1997-06-23,12.52,11.89,12.55,11.74,15262,1244万,6.57%,1.94
1997-06-24,11.74,11.95,12.03,11.74,8271,667万,2.49%,1.05
1997-06-25,12.20,11.74,12.20,11.70,9795,789万,4.18%,1.24
1997-06-26,11.74,11.75,11.89,11.66,9264,745万,1.99%,1.18
1997-06-27,11.77,11.35,11.89,11.31,11002,863万,4.91%,1.4
1997-07-02,11.41,10.60,11.74,10.16,7415,543万,13.89%,0.94
1997-07-03,10.60,10.00,10.60,9.83,7599,523万,7.21%,0.96
1997-07-04,10.00,10.21,10.36,9.65,4666,324万,7.17%,0.59
1997-07-07,10.33,9.52,10.33,9.40,4788,323万,9.17%,0.61
1997-07-08,9.40,9.71,9.97,9.22,4473,294万,7.86%,0.57
1997-07-09,9.71,9.58,9.94,9.47,3267,217万,4.82%,0.41
1997-07-10,9.63,9.63,9.79,9.40,4366,290万,4.07%,0.55
1997-07-11,9.55,9.91,9.93,9.49,5580,373万,4.54%,0.71
1997-07-14,9.99,10.18,10.29,9.75,8420,585万,5.35%,1.07
1997-07-15,10.25,10.30,10.41,10.14,8301,585万,2.61%,1.05
1997-07-16,10.18,10.74,10.94,10.02,18336,1329万,8.94%,2.33
1997-07-17,10.80,11.38,11.55,10.80,30244,2327万,6.97%,3.84
1997-07-18,11.35,11.36,11.36,11.05,13848,1062万,2.74%,1.76
1997-07-21,11.58,11.31,12.03,11.13,18523,1477万,7.96%,2.35
1997-07-22,11.27,11.66,11.66,11.03,12069,934万,5.51%,1.53
1997-07-23,11.72,11.58,11.89,11.42,14262,1139万,4.01%,1.81
1997-07-24,11.42,11.08,11.55,10.92,7815,600万,5.39%,0.99
1997-07-25,11.27,11.03,11.27,10.77,7758,585万,4.51%,0.98
1997-07-28,11.24,11.14,11.42,11.03,6592,505万,3.53%,0.84
1997-07-29,11.08,11.13,11.31,10.91,4654,354万,3.64%,0.59
1997-07-30,11.17,11.49,11.58,11.08,7854,609万,4.49%,1
1997-07-31,11.58,11.42,11.58,11.31,4720,368万,2.31%,0.6
1997-08-01,11.42,11.55,11.55,11.25,4490,350万,2.59%,0.57
1997-08-04,11.70,11.83,11.83,11.50,8848,703万,2.84%,1.12
1997-08-05,11.89,11.70,11.94,11.58,6895,552万,3.03%,0.87
1997-08-06,11.74,11.53,11.89,11.39,6004,475万,4.26%,0.76
1997-08-07,11.41,11.66,11.74,11.13,5936,462万,5.28%,0.75
1997-08-08,11.74,11.70,11.81,11.44,11424,909万,3.21%,1.45
1997-08-11,11.75,11.47,11.81,11.31,8491,668万,4.26%,1.08
1997-08-12,11.55,11.25,11.58,11.14,5315,413万,3.81%,0.67
1997-08-13,11.11,10.96,11.31,10.83,4870,370万,4.30%,0.62
1997-08-14,11.47,12.13,12.13,11.14,27056,2184万,8.97%,3.43
1997-08-15,12.67,11.86,12.83,11.66,26009,2103万,9.65%,3.3
1997-08-18,11.77,11.58,11.81,11.44,9151,726万,3.16%,1.16
1997-08-19,11.80,11.74,11.86,11.55,7073,566万,2.69%,0.9
1997-08-20,11.83,12.03,12.05,11.72,7198,581万,2.79%,0.91
1997-08-21,12.03,12.17,12.33,11.92,19881,1646万,3.37%,2.52
1997-08-22,12.14,12.11,12.17,11.94,12554,1031万,1.92%,1.59
1997-08-25,12.24,12.44,12.48,12.19,20091,1690万,2.45%,2.55
1997-08-26,12.48,12.72,12.80,12.44,31878,2743万,2.88%,4.05
1997-08-27,12.73,12.66,12.75,12.45,15317,1308万,2.33%,1.94
1997-08-28,12.67,12.77,12.92,12.50,14870,1283万,3.33%,1.89
1997-08-29,12.83,12.61,12.83,12.45,13555,1158万,2.93%,1.72
1997-09-01,12.53,12.77,12.91,12.52,13570,1174万,3.09%,1.72
1997-09-02,12.77,12.58,12.84,12.44,10665,913万,3.18%,1.35
1997-09-03,12.67,13.06,13.11,12.52,18256,1584万,4.71%,2.32
1997-09-04,12.98,12.98,13.11,12.84,13195,1160万,2.03%,1.67
1997-09-05,12.95,12.81,12.98,12.67,9537,829万,2.40%,1.21
1997-09-08,12.78,12.87,12.91,12.48,15214,1302万,3.29%,1.93
1997-09-09,12.98,12.48,13.06,12.47,6961,600万,4.60%,0.88
1997-09-10,12.48,12.87,13.14,12.34,13101,1124万,6.37%,1.66
1997-09-11,12.91,12.48,12.95,12.38,11013,948万,4.48%,1.4
1997-09-12,12.48,12.02,12.55,11.97,7892,658万,4.62%,1
1997-09-15,11.97,11.55,11.97,11.46,5937,475万,4.28%,0.75
1997-09-16,11.58,11.53,11.74,11.42,4529,357万,2.70%,0.57
1997-09-17,11.58,11.36,11.64,11.28,3320,260万,3.11%,0.42
1997-09-18,11.42,11.31,11.52,11.25,4331,336万,2.33%,0.55
1997-09-19,11.50,11.66,11.66,11.36,2767,218万,2.62%,0.35
1997-09-22,11.66,10.64,11.66,10.64,5133,386万,8.70%,0.65
1997-09-23,10.63,9.91,10.63,9.58,9311,651万,9.82%,1.18
1997-09-24,10.61,10.78,10.83,10.33,7864,569万,5.04%,1
1997-09-25,10.94,10.77,10.99,10.64,8876,658万,3.18%,1.13
1997-09-26,10.88,10.61,10.92,10.49,3636,265万,4.06%,0.46
1997-09-29,10.50,10.25,10.53,10.19,3106,220万,3.23%,0.39
1997-09-30,10.49,10.47,10.49,10.41,2434,175万,0.76%,0.31
1997-10-06,10.75,10.61,10.75,10.49,1900,138万,2.53%,0.24
1997-10-07,10.61,10.61,10.64,10.33,1284,92.2万,2.94%,0.16
1997-10-08,10.82,10.96,11.03,10.72,3382,253万,2.94%,0.43
1997-10-09,10.96,10.69,10.96,10.64,2228,164万,2.85%,0.28
1997-10-10,10.78,10.83,10.83,10.64,1816,134万,1.75%,0.23
1997-10-13,10.97,10.64,10.97,10.49,1669,122万,4.46%,0.21
1997-10-14,10.58,10.58,10.68,10.33,2144,155万,3.22%,0.27
1997-10-15,10.72,10.61,10.72,10.47,2100,153万,2.36%,0.27
1997-10-16,10.64,10.85,10.91,10.64,3030,225万,2.50%,0.38
1997-10-17,10.88,11.11,11.21,10.88,7173,542万,3.02%,0.91
1997-10-20,11.36,11.19,11.49,10.92,7408,570万,5.05%,0.94
1997-10-21,11.31,11.11,11.31,10.99,6183,469万,2.93%,0.78
1997-10-22,11.11,10.97,11.30,10.86,8405,636万,3.93%,1.07
1997-10-23,10.99,11.08,11.19,10.99,7354,558万,1.85%,0.93
1997-10-27,11.67,11.83,11.89,11.55,15254,1220万,3.10%,1.94
1997-10-28,11.86,11.14,11.94,11.11,9667,755万,6.99%,1.23
1997-10-29,11.11,11.08,11.19,10.88,6142,464万,2.80%,0.78
1997-10-30,11.14,10.94,11.27,10.92,6759,512万,3.10%,0.86
1997-10-31,10.80,11.33,11.33,10.64,6659,500万,6.27%,0.85
1997-11-03,11.41,11.38,11.41,11.19,4787,370万,1.93%,0.61
1997-11-04,11.11,11.25,11.35,11.11,2452,188万,2.06%,0.31
1997-11-05,11.27,11.21,11.42,11.00,3260,250万,3.74%,0.41
1997-11-06,11.33,10.99,11.36,10.99,4522,343万,3.34%,0.57
1997-11-07,11.08,11.14,11.35,10.92,4255,323万,3.83%,0.54
1997-11-10,10.96,11.00,11.30,10.89,4911,374万,3.64%,0.62
1997-11-11,11.08,10.88,11.11,10.77,3947,294万,3.12%,0.5
1997-11-12,10.96,10.75,10.97,10.75,3583,266万,2.01%,0.45
1997-11-13,10.71,10.77,10.77,10.55,3381,247万,2.03%,0.43
1997-11-14,10.80,10.86,11.11,10.74,3970,296万,3.48%,0.5
1997-11-17,10.96,10.68,11.11,10.66,2712,201万,4.16%,0.34
1997-11-18,10.69,10.57,10.78,10.57,2894,211万,2.05%,0.37
1997-11-19,10.55,10.68,10.72,10.46,3925,285万,2.51%,0.5
1997-11-20,10.72,10.41,10.72,10.33,5602,402万,3.65%,0.71
1997-11-21,10.41,10.61,10.61,10.33,3887,278万,2.70%,0.49
1997-11-24,10.35,10.21,10.53,10.14,4895,345万,3.67%,0.62
1997-11-25,10.21,10.14,10.32,10.02,3265,228万,2.90%,0.41
1997-11-26,10.18,10.32,10.33,10.14,2574,181万,1.85%,0.33
1997-11-27,10.33,9.97,10.33,9.96,2713,189万,3.63%,0.34
1997-11-28,9.97,10.33,10.35,9.96,3861,269万,3.91%,0.49
1997-12-01,10.30,10.19,10.30,10.07,1744,122万,2.26%,0.22
1997-12-02,10.24,10.11,10.25,10.11,1889,132万,1.38%,0.24
1997-12-03,10.25,10.10,10.41,10.10,1319,92.3万,3.08%,0.17
1997-12-04,10.19,10.16,10.19,10.02,1682,117万,1.70%,0.21
1997-12-05,10.11,10.22,10.30,10.11,3299,232万,1.84%,0.42
1997-12-08,10.25,10.14,10.27,10.11,1843,129万,1.53%,0.23
1997-12-09,10.18,10.36,10.46,10.02,3290,231万,4.31%,0.42
1997-12-10,10.41,10.41,10.52,10.36,3631,260万,1.51%,0.46
1997-12-11,10.64,10.61,10.85,10.50,7116,520万,3.30%,0.9
1997-12-12,10.57,10.44,10.74,10.41,2982,215万,3.09%,0.38
1997-12-15,10.35,10.46,10.49,10.30,4400,313万,1.79%,0.56
1997-12-16,10.49,10.39,10.49,10.30,3184,227万,1.79%,0.4
1997-12-17,10.36,10.13,10.39,10.11,4436,312万,2.70%,0.56
1997-12-18,10.10,10.25,10.39,9.99,4726,328万,4.00%,0.6
1997-12-19,10.25,10.19,10.27,10.14,3344,234万,1.22%,0.42
1997-12-22,10.19,10.36,10.46,10.04,5902,418万,4.13%,0.75
1997-12-23,10.35,10.47,10.52,10.21,6112,437万,3.01%,0.78
1997-12-24,10.41,10.60,10.64,10.25,6076,438万,3.72%,0.77
1997-12-25,10.57,10.61,10.69,10.47,4705,341万,2.06%,0.6
1997-12-26,10.66,10.86,10.92,10.57,12962,961万,3.38%,1.64
1997-12-29,10.97,10.78,11.11,10.77,7519,562万,3.16%,0.95
1997-12-30,10.64,10.60,10.74,10.57,3864,281万,1.59%,0.49
1997-12-31,10.57,10.74,10.75,10.57,4421,323万,1.77%,0.56
1998-01-05,10.77,10.77,10.88,10.58,5728,419万,2.76%,0.73
1998-01-06,10.80,10.71,10.80,10.57,6651,486万,2.17%,0.84
1998-01-07,10.68,10.74,10.85,10.60,7777,571万,2.33%,0.99
1998-01-08,10.77,11.02,11.39,10.77,12961,983万,5.81%,1.64
1998-01-09,11.05,10.77,11.08,10.47,11275,833万,5.52%,1.43
1998-01-12,10.83,10.66,10.83,10.53,8908,652万,2.75%,1.13
1998-01-13,9.88,10.32,10.64,9.69,7730,541万,8.93%,0.98
1998-01-14,10.46,10.44,10.53,10.30,7655,548万,2.27%,0.97
1998-01-15,10.50,10.77,10.77,10.46,8625,629万,2.99%,1.09
1998-01-16,10.72,11.02,11.25,10.72,18977,1435万,4.93%,2.41
1998-01-19,11.13,11.11,11.36,11.00,9688,740万,3.26%,1.23
1998-01-20,11.10,10.97,11.16,10.88,5900,444万,2.53%,0.75
1998-01-21,10.96,10.88,11.03,10.85,2976,223万,1.71%,0.38
1998-01-22,10.88,10.82,10.96,10.66,5465,404万,2.72%,0.69
1998-01-23,10.96,11.02,11.03,10.88,5954,447万,1.44%,0.76
1998-02-09,11.42,11.24,11.55,11.16,10354,797万,3.54%,1.31
1998-02-10,11.27,11.11,11.27,11.03,7077,539万,2.08%,0.9
1998-02-11,11.11,11.41,11.50,11.05,20566,1588万,4.07%,2.61
1998-02-12,11.42,11.10,11.44,11.03,16413,1257万,3.56%,2.08
1998-02-13,11.11,11.28,11.53,11.11,40824,3143万,3.80%,5.18
1998-02-16,11.73,11.73,11.95,11.61,22497,1658万,3.06%,2.2
1998-02-17,11.73,11.57,11.85,11.42,8158,595万,3.63%,0.8
1998-02-18,11.67,11.63,11.87,11.53,7244,529万,2.98%,0.71
1998-02-19,11.63,11.67,11.83,11.59,6895,504万,2.09%,0.67
1998-02-20,11.83,11.48,11.83,11.48,5684,414万,2.95%,0.55
1998-02-23,11.38,11.16,11.40,11.02,5920,419万,3.36%,0.58
1998-02-24,11.26,11.18,11.48,11.12,5271,376万,3.27%,0.51
1998-02-25,11.24,11.08,11.24,11.04,6466,456万,1.81%,0.63
1998-02-26,11.08,10.92,11.12,10.80,7215,501万,2.93%,0.7
1998-02-27,11.02,10.94,11.18,10.84,10437,728万,3.16%,1.02
1998-03-02,10.94,11.40,11.73,10.92,16126,1166万,7.42%,1.57
1998-03-03,11.42,12.03,12.05,11.42,34703,2570万,5.51%,3.39
1998-03-04,12.30,12.40,12.50,12.03,53696,4106万,3.88%,5.24
1998-03-05,12.56,13.05,13.39,12.36,78903,6260万,8.34%,7.7
1998-03-06,14.65,13.68,14.65,13.25,140949,1.19亿,10.73%,13.76
1998-03-09,13.65,13.94,14.20,13.51,68241,5777万,5.04%,6.66
1998-03-10,13.94,14.00,14.22,13.61,28178,2368万,4.36%,2.75
1998-03-11,14.04,14.00,14.47,13.72,34246,2932万,5.36%,3.34
1998-03-12,13.96,13.59,13.96,13.57,18823,1566万,2.75%,1.84
1998-03-13,13.45,13.82,14.16,13.43,14547,1219万,5.37%,1.42
1998-03-16,13.65,13.86,14.06,13.61,14941,1254万,3.23%,1.46
1998-03-17,14.00,13.76,14.02,13.57,20910,1745万,3.22%,2.04
1998-03-18,13.55,13.37,13.61,13.33,40401,3306万,2.06%,3.94
1998-03-19,13.29,13.43,13.49,13.21,19338,1577万,2.12%,1.89
1998-03-20,13.43,13.23,13.45,13.15,18208,1474万,2.26%,1.78
1998-03-23,13.21,12.84,13.21,12.80,20246,1610万,3.07%,1.98
1998-03-24,12.78,13.43,13.43,12.76,13619,1094万,5.21%,1.33
1998-03-25,13.53,13.05,13.61,12.95,17208,1390万,4.98%,1.68
1998-03-26,13.05,12.99,13.25,12.80,12431,990万,3.42%,1.21
1998-03-27,12.97,13.37,13.43,12.86,19132,1549万,4.37%,1.87
1998-03-30,13.53,13.76,13.82,13.35,30486,2527万,3.49%,2.98
1998-03-31,13.74,13.78,13.92,13.55,27997,2341万,2.65%,2.73
1998-04-01,13.86,13.92,14.22,13.76,27377,2318万,3.39%,2.67
1998-04-02,13.94,13.76,14.06,13.72,36857,3104万,2.48%,3.6
1998-04-03,13.76,13.72,13.86,13.39,26797,2210万,3.39%,2.62
1998-04-06,13.55,14.08,14.16,13.35,39148,3282万,5.91%,3.82
1998-04-07,14.12,13.88,14.16,13.82,20259,1708万,2.45%,1.98
1998-04-08,13.86,14.77,14.87,13.65,63085,5413万,8.77%,6.16
1998-04-09,14.79,13.96,14.87,13.84,37040,3179万,7.00%,3.62
1998-04-10,13.96,14.28,14.47,13.88,31096,2669万,4.21%,3.04
1998-04-13,14.49,14.97,15.32,14.47,62096,5572万,5.96%,6.06
1998-04-14,14.97,14.83,15.18,14.59,36806,3281万,3.93%,3.59
1998-04-15,14.87,14.97,15.24,14.87,35392,3171万,2.46%,3.45
1998-04-17,15.07,14.06,15.07,13.86,27593,2364万,8.13%,2.69
1998-04-20,14.16,14.18,14.67,14.06,28365,2441万,4.33%,2.77
1998-04-21,14.22,13.82,14.36,13.57,29371,2465万,5.58%,2.87
1998-04-22,13.86,14.02,14.26,13.78,47524,4033万,3.52%,4.64
1998-04-23,14.03,13.94,14.20,13.63,25519,1547万,4.00%,1.8
1998-04-24,13.94,13.38,14.00,13.33,25752,1543万,4.83%,1.82
1998-04-27,13.38,13.21,13.38,12.82,23948,1378万,4.19%,1.69
1998-04-28,13.10,13.33,13.66,13.05,14022,828万,4.67%,0.99
1998-04-29,13.35,13.16,13.55,13.07,16041,937万,3.58%,1.13
1998-04-30,13.16,13.21,13.35,13.10,14163,825万,1.92%,1
1998-05-04,13.33,12.91,13.33,12.82,21577,1241万,3.82%,1.52
1998-05-05,12.99,13.05,13.27,12.82,13920,803万,3.48%,0.98
1998-05-06,13.05,12.93,13.05,12.82,16833,963万,1.72%,1.19
1998-05-07,12.93,12.60,12.96,12.57,21723,1234万,3.04%,1.53
1998-05-08,12.40,13.19,13.21,12.26,23747,1345万,7.58%,1.67
1998-05-11,13.19,12.76,13.24,12.60,16336,932万,4.90%,1.15
1998-05-12,12.76,12.65,12.82,12.54,14401,811万,2.20%,1.02
1998-05-13,12.57,12.76,13.07,12.54,13450,762万,4.21%,0.95
1998-05-14,12.76,12.71,12.76,12.54,15282,860万,1.76%,1.08
1998-05-15,12.71,12.85,13.05,12.68,14530,830万,2.87%,1.02
1998-05-18,12.85,12.74,12.99,12.57,10376,590万,3.28%,0.73
1998-05-19,12.82,12.54,12.82,12.43,10180,571万,3.09%,0.72
1998-05-20,12.54,12.60,12.85,12.32,10472,585万,4.25%,0.74
1998-05-21,12.62,12.54,12.76,12.40,9391,526万,2.90%,0.66
1998-05-22,12.54,12.71,12.93,12.54,16292,922万,3.13%,1.15
1998-05-25,12.54,12.79,12.93,12.54,16302,923万,3.09%,1.15
1998-05-26,12.88,14.39,14.39,12.57,43543,2576万,14.26%,3.07
1998-05-27,15.07,13.89,15.07,13.66,48172,2954万,9.75%,3.4
1998-05-28,13.89,13.66,14.03,13.35,30426,1825万,4.85%,2.15
1998-05-29,13.66,13.61,13.94,13.38,22746,1364万,4.11%,1.6
1998-06-01,13.61,13.52,13.69,13.24,20301,1203万,3.30%,1.43
1998-06-02,13.61,13.72,13.97,13.52,17917,1079万,3.32%,1.26
1998-06-03,13.72,13.49,13.83,13.41,12391,738万,3.07%,0.87
1998-06-04,13.61,13.69,13.94,13.49,20250,1215万,3.33%,1.43
1998-06-05,13.69,13.35,13.80,13.16,12808,759万,4.72%,0.9
1998-06-08,13.35,13.02,13.41,12.93,11031,643万,3.57%,0.78
1998-06-09,12.96,12.54,12.96,12.34,14279,804万,4.74%,1.01
1998-06-10,12.54,12.62,12.82,12.54,8716,490万,2.24%,0.61
1998-06-11,12.62,12.40,12.71,12.40,6257,349万,2.45%,0.44
1998-06-12,12.71,12.74,12.82,12.54,7296,412万,2.26%,0.51
1998-06-15,12.82,12.43,12.91,12.40,6698,376万,3.97%,0.47
1998-06-16,12.43,12.26,12.43,11.84,9209,505万,4.74%,0.65
1998-06-17,12.26,12.09,12.40,12.06,8696,475万,2.75%,0.61
1998-06-18,12.18,12.32,12.43,12.12,6334,349万,2.55%,0.45
1998-06-19,12.40,12.54,12.57,12.20,8728,483万,2.96%,0.62
1998-06-22,12.54,12.65,12.91,12.54,7532,426万,2.91%,0.53
1998-06-23,12.60,12.32,12.65,12.29,6790,376万,2.88%,0.48
1998-06-24,12.32,12.34,12.54,12.29,7589,420万,2.05%,0.54
1998-06-25,12.34,12.12,12.46,12.04,7596,416万,3.41%,0.54
1998-06-26,12.20,12.20,12.37,12.12,4641,254万,2.08%,0.33
1998-06-29,12.20,11.92,12.26,11.87,7120,385万,3.22%,0.5
1998-06-30,11.89,11.53,12.12,11.45,8383,445万,5.65%,0.59
1998-07-01,11.84,11.53,12.09,11.53,5324,282万,4.87%,0.38
1998-07-02,11.56,11.56,11.67,11.36,6282,328万,2.68%,0.44
1998-07-03,11.64,11.78,11.84,11.53,4642,246万,2.67%,0.33
1998-07-06,11.78,11.53,11.78,11.53,3722,196万,2.14%,0.26
1998-07-07,11.42,11.53,11.64,11.42,3667,191万,1.95%,0.26
1998-07-08,11.70,11.70,11.78,11.56,3928,208万,1.95%,0.28
1998-07-09,11.84,11.78,11.84,11.70,3865,206万,1.20%,0.27
1998-07-10,11.78,12.34,12.37,11.78,8124,442万,5.00%,0.57
1998-07-13,12.34,12.12,12.34,11.95,5725,312万,3.18%,0.4
1998-07-14,12.26,11.92,12.26,11.92,5593,303万,2.78%,0.39
1998-07-15,11.84,11.78,11.98,11.73,3593,192万,2.12%,0.25
1998-07-16,11.84,11.98,12.04,11.78,6398,344万,2.14%,0.45
1998-07-17,11.92,12.32,12.62,11.87,11081,610万,6.33%,0.78
1998-07-20,12.43,12.68,12.74,12.20,13998,782万,4.33%,0.99
1998-07-21,12.68,13.02,13.21,12.62,29724,1718万,4.65%,2.1
1998-07-22,12.99,13.07,13.24,12.65,16038,918万,4.53%,1.13
1998-07-23,13.05,12.99,13.16,12.85,9548,550万,2.36%,0.67
1998-07-24,12.99,12.88,13.38,12.82,19009,1103万,4.32%,1.34
1998-07-27,12.91,12.74,12.99,12.60,6434,364万,3.05%,0.45
1998-07-28,12.74,12.82,12.85,12.57,4444,251万,2.20%,0.31
1998-07-29,12.91,12.68,12.96,12.60,3789,214万,2.85%,0.27
1998-07-30,12.54,12.48,12.62,12.37,4272,238万,1.99%,0.3
1998-07-31,12.40,12.48,12.62,12.40,4659,261万,1.80%,0.33
1998-08-03,12.54,12.99,13.16,12.43,9943,570万,5.85%,0.7
1998-08-04,12.96,12.79,13.05,12.65,5488,313万,3.03%,0.39
1998-08-05,12.68,13.10,13.10,12.68,8775,506万,3.29%,0.62
1998-08-06,13.10,12.88,13.10,12.82,5964,343万,2.14%,0.42
1998-08-07,12.82,12.23,12.82,12.20,11358,629万,4.80%,0.8
1998-08-10,12.12,11.92,12.12,11.67,6030,322万,3.67%,0.43
1998-08-11,11.73,11.64,12.18,11.64,4787,255万,4.47%,0.34
1998-08-12,11.70,11.53,11.95,10.94,7447,388万,8.68%,0.53
1998-08-13,11.53,11.73,11.81,11.42,5902,311万,3.41%,0.42
1998-08-14,11.67,11.39,11.67,11.16,6793,354万,4.31%,0.48
1998-08-17,11.16,10.10,11.16,10.01,15009,739万,10.10%,1.06
1998-08-18,11.08,11.42,11.42,10.86,27245,1410万,5.56%,1.92
1998-08-19,11.67,12.20,12.20,11.59,28578,1547万,5.41%,2.02
1998-08-20,12.12,12.29,12.29,11.75,17635,961万,4.37%,1.24
1998-08-21,12.20,12.32,12.40,11.64,17539,953万,6.17%,1.24
1998-08-24,12.20,12.76,12.99,11.98,31439,1773万,8.20%,2.22
1998-08-25,12.57,12.74,12.76,12.43,15370,865万,2.64%,1.08
1998-08-26,12.68,12.54,13.24,12.51,25731,1475万,5.73%,1.81
1998-08-27,12.40,12.46,12.76,12.20,11036,612万,4.48%,0.78
1998-08-28,12.32,12.20,12.57,12.18,9616,532万,3.15%,0.68
1998-08-31,11.92,12.60,12.65,11.39,12159,652万,10.35%,0.86
1998-09-01,12.54,12.29,12.74,12.01,12246,684万,5.79%,0.86
1998-09-02,12.26,12.12,12.40,11.98,5461,298万,3.43%,0.39
1998-09-03,12.09,12.09,12.34,12.04,5007,274万,2.55%,0.35
1998-09-04,12.20,12.46,12.57,12.20,8050,448万,3.02%,0.57
1998-09-07,12.62,12.54,12.68,12.29,8494,474万,3.15%,0.6
1998-09-08,12.62,12.51,13.02,12.48,16271,924万,4.25%,1.15
1998-09-09,12.62,12.65,12.68,12.32,8692,487万,2.92%,0.61
1998-09-10,12.76,13.24,13.55,12.62,55834,3256万,7.32%,3.94
1998-09-11,13.24,13.05,13.38,13.02,24725,1440万,2.76%,1.74
1998-09-14,13.05,13.44,13.55,13.05,31926,1885万,3.87%,2.25
1998-09-15,13.44,12.82,13.52,12.76,23279,1355万,5.64%,1.64
1998-09-16,12.82,12.96,13.10,12.62,18243,1040万,3.72%,1.29
1998-09-17,13.10,12.51,13.21,12.43,22860,1301万,6.06%,1.61
1998-09-18,12.43,12.34,12.68,12.26,14220,794万,3.36%,1
1998-09-21,12.26,12.48,12.54,12.15,7246,401万,3.18%,0.51
1998-09-22,12.48,12.62,12.76,12.34,7447,415万,3.37%,0.53
1998-09-23,12.62,12.54,12.76,12.40,5922,333万,2.89%,0.42
1998-09-24,12.54,12.20,12.54,12.15,10464,576万,3.13%,0.74
1998-09-25,12.15,12.40,12.40,12.12,7472,410万,2.30%,0.53
1998-09-28,12.26,12.51,12.65,12.20,7561,419万,3.62%,0.53
1998-09-29,12.54,12.34,12.54,12.29,4889,272万,2.02%,0.34
1998-09-30,12.37,12.40,12.51,12.26,5981,332万,2.05%,0.42
1998-10-05,12.40,12.46,12.76,12.29,4558,254万,3.85%,0.32
1998-10-06,12.46,12.26,12.62,12.20,5421,300万,3.38%,0.38
1998-10-07,12.26,12.57,12.57,12.20,8856,491万,2.98%,0.62
1998-10-08,12.57,12.85,12.99,12.54,21492,1228万,3.57%,1.52
1998-10-09,12.93,12.88,13.21,12.54,21293,1222万,5.24%,1.5
1998-10-12,12.96,12.93,12.96,12.62,13297,758万,2.62%,0.94
1998-10-13,12.99,12.57,13.19,12.54,14643,839万,4.99%,1.03
1998-10-14,12.62,12.46,12.68,12.29,8299,461万,3.13%,0.59
1998-10-15,12.54,12.40,12.54,12.32,7431,412万,1.80%,0.52
1998-10-16,12.54,12.48,12.62,12.32,7849,436万,2.49%,0.55
1998-10-19,12.48,12.29,12.54,12.20,11441,631万,2.70%,0.81
1998-10-20,12.29,12.29,12.40,12.18,7087,390万,1.83%,0.5
1998-10-21,12.32,11.89,12.32,11.89,11774,637万,3.43%,0.83
1998-10-22,11.84,11.95,11.95,11.56,10463,556万,3.30%,0.74
1998-10-23,11.98,11.84,12.01,11.84,5774,310万,1.41%,0.41
1998-10-26,11.70,11.53,11.70,11.39,7655,400万,2.61%,0.54
1998-10-27,11.47,11.84,11.92,11.39,5253,277万,4.63%,0.37
1998-10-28,11.78,11.64,11.84,11.53,4805,254万,2.61%,0.34
1998-10-29,11.70,11.73,11.98,11.64,4374,233万,2.89%,0.31
1998-10-30,11.70,11.70,11.84,11.64,5744,304万,1.68%,0.41
1998-11-02,11.70,11.67,11.70,11.45,5232,276万,2.16%,0.37
1998-11-03,11.70,11.75,11.84,11.59,4289,227万,2.16%,0.3
1998-11-04,11.70,11.64,11.73,11.59,4850,256万,1.19%,0.34
1998-11-05,11.70,11.81,11.87,11.59,7290,385万,2.41%,0.51
1998-11-06,11.84,11.84,11.95,11.73,6290,337万,1.90%,0.44
1998-11-09,11.87,12.12,12.20,11.87,7258,394万,2.85%,0.51
1998-11-10,12.15,12.06,12.20,11.95,6690,363万,2.08%,0.47
1998-11-11,12.12,12.37,12.43,11.89,10113,552万,4.42%,0.71
1998-11-12,12.48,12.76,12.96,12.48,39670,2254万,3.86%,2.8
1998-11-13,12.76,12.54,12.79,12.40,10088,565万,3.08%,0.71
1998-11-16,12.48,12.34,12.48,12.23,9338,516万,2.01%,0.66
1998-11-17,12.54,12.32,12.54,12.26,5230,289万,2.27%,0.37
1998-11-18,12.32,12.09,12.40,12.04,6544,359万,2.96%,0.46
1998-11-19,12.09,11.98,12.18,11.92,4319,234万,2.09%,0.3
1998-11-20,11.98,11.95,12.15,11.92,5523,298万,1.87%,0.39
1998-11-23,11.98,11.92,12.12,11.89,3705,200万,1.88%,0.26
1998-11-24,11.92,12.01,12.06,11.92,3126,169万,1.18%,0.22
1998-11-25,12.01,11.87,12.06,11.78,3806,205万,2.34%,0.27
1998-11-26,11.73,11.70,11.87,11.64,6035,320万,1.89%,0.43
1998-11-27,11.70,11.70,11.81,11.64,4475,237万,1.44%,0.32
1998-11-30,11.70,11.75,11.78,11.59,4012,213万,1.68%,0.28
1998-12-01,11.75,11.81,11.84,11.70,3434,183万,1.19%,0.24
1998-12-02,11.81,12.15,12.20,11.78,7873,427万,3.56%,0.56
1998-12-03,12.20,12.01,12.37,11.98,5042,274万,3.23%,0.36
1998-12-04,11.98,11.70,11.98,11.64,5275,280万,2.81%,0.37
1998-12-07,11.95,11.70,11.98,11.64,2814,150万,2.88%,0.2
1998-12-08,11.64,11.81,11.84,11.64,1844,98.1万,1.68%,0.13
1998-12-09,11.81,11.81,11.81,11.73,1363,72.5万,0.71%,0.1
1998-12-10,11.84,11.61,11.84,11.56,3157,167万,2.38%,0.22
1998-12-11,11.56,11.64,11.64,11.42,2346,123万,1.93%,0.17
1998-12-14,11.64,11.50,11.64,11.47,2073,109万,1.45%,0.15
1998-12-15,11.42,11.47,11.47,11.31,3577,185万,1.46%,0.25
1998-12-16,11.47,11.31,11.53,11.28,2885,149万,2.20%,0.2
1998-12-17,11.31,11.02,11.31,11.00,3867,197万,2.73%,0.27
1998-12-18,10.94,11.02,11.14,10.88,2443,123万,2.29%,0.17
1998-12-21,10.88,10.94,11.08,10.88,2657,134万,1.78%,0.19
1998-12-22,10.94,11.33,11.36,10.94,3003,154万,3.85%,0.21
1998-12-23,11.33,11.42,11.64,11.22,4168,217万,3.71%,0.29
1998-12-24,11.33,11.25,11.50,11.22,2096,108万,2.46%,0.15
1998-12-25,11.25,11.25,11.36,11.19,1578,81.1万,1.50%,0.11
1998-12-28,11.25,11.02,11.25,11.00,2699,137万,2.25%,0.19
1998-12-29,10.97,10.91,11.08,10.91,3212,162万,1.53%,0.23
1998-12-30,10.94,10.91,11.00,10.58,4837,241万,3.86%,0.34
1998-12-31,10.94,10.91,11.19,10.86,1804,90.8万,3.09%,0.13
1999-01-04,10.86,10.63,10.86,10.60,2058,102万,2.31%,0.15
1999-01-05,10.66,10.52,10.66,10.29,2229,108万,3.43%,0.16
1999-01-06,10.58,10.60,10.72,10.32,2123,104万,3.74%,0.15
1999-01-07,11.08,10.72,11.08,10.60,1679,83.2万,4.50%,0.12
1999-01-08,10.74,10.97,11.02,10.69,3191,160万,3.14%,0.23
1999-01-11,10.91,11.16,11.28,10.80,3850,194万,4.35%,0.27
1999-01-12,11.19,10.97,11.22,10.97,2147,109万,2.26%,0.15
1999-01-13,10.83,10.83,10.97,10.77,2226,111万,1.79%,0.16
1999-01-14,10.80,10.91,11.14,10.80,2359,118万,3.11%,0.17
1999-01-15,11.11,10.86,11.11,10.83,2577,129万,2.57%,0.18
1999-01-18,10.72,10.97,11.00,10.72,3999,199万,2.59%,0.28
1999-01-19,11.02,11.05,11.28,10.97,4030,206万,2.81%,0.28
1999-01-20,11.08,11.08,11.28,10.97,2593,132万,2.79%,0.18
1999-01-21,11.08,11.42,11.42,11.02,3799,195万,3.55%,0.27
1999-01-22,11.36,11.33,11.56,11.28,3787,196万,2.46%,0.27
1999-01-25,11.00,11.05,11.33,11.00,3372,172万,2.97%,0.24
1999-01-26,11.05,10.97,11.08,10.91,2627,132万,1.52%,0.19
1999-01-27,10.97,11.11,11.22,10.91,2698,137万,2.81%,0.19
1999-01-28,11.14,10.97,11.14,10.94,2492,126万,1.77%,0.18
1999-01-29,10.97,10.94,11.08,10.86,2777,139万,2.05%,0.2
1999-02-01,10.91,11.00,11.08,10.74,4277,215万,3.08%,0.3
1999-02-02,11.00,11.02,11.14,10.97,2219,112万,1.53%,0.16
1999-02-03,11.08,11.31,11.56,11.02,8340,430万,4.84%,0.59
1999-02-04,11.31,11.50,11.75,11.19,16838,884万,4.97%,1.19
1999-02-05,11.53,10.86,11.53,10.80,6803,345万,6.34%,0.48
1999-02-08,10.77,10.80,11.14,10.63,5060,254万,4.65%,0.36
1999-02-09,10.83,11.25,11.25,10.80,5458,279万,4.16%,0.38
1999-03-01,11.28,11.28,11.36,10.91,3236,165万,3.99%,0.23
1999-03-02,11.28,11.25,11.28,11.05,2524,129万,1.99%,0.18
1999-03-03,11.25,11.53,11.64,11.14,6814,356万,4.49%,0.48
1999-03-04,11.53,11.39,11.56,11.14,4963,257万,3.65%,0.35
1999-03-05,11.39,11.73,11.84,11.28,11734,620万,4.93%,0.83
1999-03-08,11.84,12.15,12.48,11.84,30378,1667万,5.51%,2.14
1999-03-09,12.15,12.01,12.23,11.95,8862,480万,2.31%,0.63
1999-03-10,11.98,11.75,12.01,11.67,7615,405万,2.81%,0.54
1999-03-11,11.70,11.95,12.23,11.70,6663,360万,4.54%,0.47
1999-03-12,11.98,12.09,12.09,11.78,8083,436万,2.58%,0.57
1999-03-15,12.20,12.01,12.26,11.95,8476,460万,2.55%,0.6
1999-03-16,12.04,11.98,12.06,11.81,5503,295万,2.10%,0.39
1999-03-17,11.98,11.75,12.04,11.75,6008,322万,2.34%,0.42
1999-03-18,11.78,11.61,11.78,11.56,4829,255万,1.91%,0.34
1999-03-19,11.45,11.89,11.92,11.45,4174,221万,4.11%,0.29
1999-03-22,11.92,11.75,12.12,11.70,4585,245万,3.54%,0.32
1999-03-23,11.64,11.70,11.70,11.56,4264,225万,1.19%,0.3
1999-03-24,11.67,11.70,11.84,11.59,3253,173万,2.16%,0.23
1999-03-25,11.64,11.50,11.70,11.47,3614,189万,1.92%,0.25
1999-03-26,11.47,11.47,11.64,11.42,3777,197万,1.95%,0.27
1999-03-29,11.47,11.53,11.56,11.36,2883,150万,1.71%,0.2
1999-03-30,11.64,11.53,11.70,11.53,2538,134万,1.46%,0.18
1999-03-31,11.47,11.45,11.50,11.36,2713,141万,1.22%,0.19
1999-04-01,11.47,11.70,11.70,11.45,4060,213万,2.21%,0.29
1999-04-02,11.70,11.73,11.89,11.64,5092,271万,2.16%,0.36
1999-04-05,11.75,11.81,11.92,11.70,5172,276万,1.91%,0.36
1999-04-06,11.78,12.06,12.12,11.73,9628,521万,3.33%,0.68
1999-04-07,12.40,12.09,12.40,11.87,11329,615万,4.42%,0.8
1999-04-08,12.12,12.01,12.32,11.92,14086,768万,3.25%,0.99
1999-04-09,12.01,11.89,12.12,11.81,8351,448万,2.57%,0.59
1999-04-12,11.87,12.04,12.12,11.64,11675,624万,4.01%,0.82
1999-04-13,11.98,11.73,11.98,11.73,6779,363万,2.10%,0.48
1999-04-14,11.75,11.64,11.78,11.56,5327,282万,1.91%,0.38
1999-04-15,11.67,11.42,11.70,11.42,5955,312万,2.41%,0.42
1999-04-16,11.39,11.36,11.56,11.31,6864,357万,2.21%,0.48
1999-04-19,11.36,11.39,11.45,11.25,5059,262万,1.73%,0.36
1999-04-20,11.31,11.53,11.64,11.31,4354,228万,2.96%,0.31
1999-04-21,11.53,11.36,11.75,11.36,5500,289万,3.41%,0.39
1999-04-22,11.19,11.14,11.28,10.86,7843,398万,3.71%,0.55
1999-04-23,11.22,11.33,11.61,11.14,6002,312万,4.28%,0.42
1999-04-26,11.33,11.22,11.47,11.19,6143,317万,2.48%,0.43
1999-04-27,11.14,10.97,11.31,10.91,6287,319万,3.50%,0.44
1999-04-28,11.00,10.86,11.16,10.80,4938,249万,3.33%,0.35
1999-04-29,10.88,11.08,11.14,10.86,3345,169万,2.59%,0.24
1999-04-30,11.14,11.02,11.14,10.94,2693,136万,1.77%,0.19
1999-05-04,11.11,11.19,11.47,11.08,3711,191万,3.56%,0.26
1999-05-05,11.19,11.05,11.19,10.97,1952,98.9万,2.01%,0.14
1999-05-06,11.14,11.19,11.36,11.00,3461,176万,3.30%,0.24
1999-05-07,11.22,11.02,11.31,10.97,2228,113万,3.01%,0.16
1999-05-10,10.86,10.49,10.91,10.44,6512,321万,4.33%,0.46
1999-05-11,10.44,10.69,10.83,10.44,3279,161万,3.75%,0.23
1999-05-12,10.69,10.72,10.86,10.52,3444,170万,3.15%,0.24
1999-05-13,10.72,10.52,10.72,10.49,2350,115万,2.10%,0.17
1999-05-14,10.58,10.15,10.58,10.13,4420,212万,4.27%,0.31
1999-05-17,10.04,10.01,10.27,9.87,3048,143万,3.87%,0.21
1999-05-18,10.13,9.87,10.18,9.82,2316,109万,3.64%,0.16
1999-05-19,9.87,10.49,10.52,9.82,3696,176万,7.11%,0.26
1999-05-20,10.49,10.74,10.80,10.29,6549,320万,4.82%,0.46
1999-05-21,10.74,10.60,10.94,10.52,7185,354万,3.92%,0.51
1999-05-24,10.58,11.05,11.05,10.29,13047,642万,7.15%,0.92
1999-05-25,11.14,10.80,11.31,10.66,15680,800万,5.84%,1.11
1999-05-26,10.72,10.97,11.08,10.58,8822,440万,4.68%,0.62
1999-05-27,11.08,11.36,11.42,10.91,21343,1093万,4.61%,1.51
1999-05-28,11.56,11.39,11.98,11.31,27229,1435万,5.93%,1.92
1999-05-31,11.42,11.08,11.56,10.88,15280,783万,5.91%,1.08
1999-06-01,11.08,11.31,11.31,11.00,13191,673万,2.79%,0.93
1999-06-03,11.02,10.74,11.08,10.60,9552,476万,4.22%,0.67
1999-06-04,10.88,10.94,11.14,10.74,10418,521万,3.66%,0.73
1999-06-07,10.72,11.81,11.95,10.69,36411,1915万,11.54%,2.57
1999-06-08,12.15,12.29,12.48,11.92,99587,5463万,4.75%,7.02
1999-06-09,12.37,12.12,12.40,11.92,28036,1523万,3.88%,1.98
1999-06-10,12.26,12.29,12.76,12.12,49518,2741万,5.33%,3.49
1999-06-11,12.29,12.18,12.40,12.12,23284,1276万,2.28%,1.64
1999-06-14,12.29,12.76,12.91,12.26,47590,2682万,5.30%,3.36
1999-06-15,13.10,12.01,13.33,11.84,57323,3276万,11.65%,4.04
1999-06-16,11.98,12.51,12.54,11.95,28122,1545万,4.91%,1.98
1999-06-17,12.82,12.99,13.10,12.51,53309,3039万,4.71%,3.76
1999-06-18,13.10,13.78,14.22,12.82,99694,5951万,10.80%,7.03
1999-06-21,13.94,14.50,14.79,13.94,76262,4767万,6.11%,5.38
1999-06-22,14.50,14.36,14.59,13.80,57899,3575万,5.42%,4.08
1999-06-23,14.45,16.13,16.13,14.36,124271,8160万,12.31%,8.76
1999-06-24,16.13,17.54,18.07,16.13,214107,1.57亿,12.00%,15.1
1999-06-25,17.59,15.54,17.79,15.46,132478,9422万,13.28%,9.34
1999-06-28,15.35,17.42,17.42,15.35,127063,8938万,13.36%,8.96
1999-06-29,17.87,19.05,19.14,17.42,181788,1.40亿,9.83%,12.82
1999-06-30,18.83,17.62,19.84,17.31,80977,6192万,13.26%,5.71
1999-07-01,17.59,16.33,17.59,15.54,108748,7463万,11.63%,7.67
1999-07-02,16.33,16.72,17.17,15.60,59562,4179万,9.63%,4.2
1999-07-05,16.75,16.36,16.89,15.68,44925,3100万,7.22%,3.17
1999-07-06,16.13,15.09,16.41,15.07,27058,1813万,8.24%,1.91
1999-07-07,15.09,16.16,16.33,15.07,49599,3368万,8.37%,3.5
1999-07-08,16.22,16.81,17.03,16.19,44030,3125万,5.21%,3.11
1999-07-09,16.75,16.47,16.78,16.19,29599,2073万,3.51%,2.09
1999-07-12,16.50,17.34,18.29,15.91,71145,5232万,14.49%,5.02
1999-07-13,17.03,17.34,17.73,16.67,40314,2915万,6.15%,2.84
1999-07-14,17.34,17.87,18.01,17.12,73507,5459万,5.18%,5.18
1999-07-15,18.15,18.10,18.38,17.76,95239,7234万,3.45%,6.72
1999-07-16,18.10,16.86,18.10,16.78,43196,3146万,7.29%,3.05
1999-07-19,16.47,16.47,17.14,15.63,33784,2365万,8.99%,2.38
1999-07-20,16.47,17.31,17.54,16.08,39080,2802万,8.86%,2.76
1999-07-21,17.23,17.87,18.63,17.03,132694,1.01亿,9.24%,9.36
1999-07-22,18.01,17.90,18.94,17.59,111311,8527万,7.54%,7.85
1999-07-23,18.29,18.86,19.25,18.21,96092,7549万,5.80%,6.78
1999-07-26,19.02,20.26,20.96,18.91,155055,1.29亿,10.87%,10.94
1999-07-27,20.26,20.03,20.57,19.42,63435,5221万,5.68%,4.47
1999-07-28,19.98,20.46,20.82,19.67,60819,5070万,5.74%,4.29
1999-07-29,20.65,20.82,21.19,20.40,75910,6484万,3.84%,5.35
1999-07-30,20.82,19.25,20.82,19.02,84577,6915万,8.63%,5.97
1999-08-02,19.00,19.56,19.81,18.49,61671,4949万,6.85%,4.35
1999-08-03,20.06,20.57,20.68,19.56,76704,6389万,5.74%,5.41
1999-08-04,20.62,20.12,20.82,19.98,41264,3449万,4.09%,2.91
1999-08-05,20.37,20.34,20.85,19.59,61577,5156万,6.28%,4.34
1999-08-06,20.40,20.26,20.68,19.56,59348,4953万,5.52%,4.19
1999-08-09,20.40,21.49,22.59,20.26,122559,1.08亿,11.50%,8.64
1999-08-10,21.52,20.57,21.94,20.37,47146,4091万,7.31%,3.33
1999-08-11,20.26,19.84,20.93,19.61,32959,2745万,6.41%,2.32
1999-08-12,19.92,19.70,20.40,19.50,27312,2238万,4.53%,1.93
1999-08-13,19.73,19.70,20.34,19.64,27378,2251万,3.56%,1.93
1999-08-16,19.64,18.74,19.87,18.72,31593,2512万,5.84%,2.23
1999-08-17,18.72,18.83,19.73,18.69,24621,1968万,5.54%,1.74
1999-08-18,18.86,17.79,19.50,17.26,52497,3967万,11.93%,3.7
1999-08-19,17.87,19.64,19.73,17.37,57186,4497万,13.25%,4.03
1999-08-20,20.06,19.81,20.82,19.73,57892,4842万,5.57%,4.08
1999-08-23,19.92,20.26,20.62,19.84,25344,2108万,3.97%,1.79
1999-08-24,20.34,19.92,20.60,19.78,23522,1945万,4.02%,1.66
1999-08-25,19.84,19.05,19.84,18.91,30796,2458万,4.65%,2.17
1999-08-26,18.94,19.14,19.50,18.72,17455,1388万,4.13%,1.23
1999-08-27,19.28,18.88,19.42,18.72,15520,1223万,3.67%,1.09
1999-08-30,18.72,18.43,19.05,18.15,20075,1552万,4.76%,1.42
1999-08-31,18.63,19.50,19.84,18.43,23646,1881万,7.61%,1.67
1999-09-01,19.61,18.72,19.81,18.72,18365,1469万,5.61%,1.3
1999-09-02,18.72,19.25,19.39,18.46,18523,1463万,4.95%,1.31
1999-09-03,19.42,19.14,19.53,18.97,13252,1059万,2.92%,0.93
1999-09-06,18.57,18.74,19.42,18.52,11618,920万,4.69%,0.82
1999-09-07,18.57,18.94,19.22,18.57,4791,377万,3.44%,0.34
1999-09-08,18.74,18.97,19.25,18.43,6769,532万,4.30%,0.48
1999-09-09,18.94,20.15,20.26,18.94,33734,2770万,6.95%,2.38
1999-09-10,20.12,19.39,20.23,19.28,36950,3001万,4.74%,2.61
1999-09-13,19.70,19.22,19.70,18.91,19357,1537万,4.05%,1.37
1999-09-14,19.42,19.53,19.70,19.02,19013,1531万,3.50%,1.34
1999-09-15,19.56,20.17,20.85,19.56,68055,5717万,6.61%,4.8
1999-09-16,20.17,19.61,20.65,19.61,23294,1933万,5.15%,1.64
1999-09-17,19.70,19.67,20.06,19.44,10624,865万,3.15%,0.75
1999-09-20,19.78,19.30,19.84,19.28,9114,734万,2.85%,0.64
1999-09-21,19.30,19.00,19.30,18.72,10145,802万,3.05%,0.72
1999-09-22,19.19,18.77,19.19,18.63,11303,888万,2.96%,0.8
1999-09-23,18.77,18.74,19.22,18.55,8550,668万,3.59%,0.6
1999-09-24,18.77,18.86,19.22,18.72,4303,338万,2.70%,0.3
1999-09-27,19.02,18.43,19.05,18.18,8304,643万,4.61%,0.59
1999-09-28,18.38,18.43,18.88,18.27,4973,382万,3.35%,0.35
1999-09-29,18.43,18.46,18.80,18.18,8050,620万,3.35%,0.57
1999-09-30,18.72,18.10,18.72,18.10,7693,587万,3.34%,0.54
1999-10-08,18.15,17.31,18.38,17.03,5997,442万,7.44%,0.42
1999-10-11,17.09,16.83,17.26,16.75,5836,418万,2.92%,0.41
1999-10-12,16.61,17.03,17.17,16.61,2377,171万,3.33%,0.17
1999-10-13,17.09,16.53,17.17,16.47,6248,443万,4.12%,0.44
1999-10-14,16.53,16.61,17.03,16.44,6742,476万,3.57%,0.48
1999-10-15,16.75,17.17,17.37,16.47,21349,1531万,5.41%,1.51
1999-10-18,17.09,16.47,17.26,16.41,6380,451万,4.90%,0.45
1999-10-19,16.44,15.60,16.44,15.57,9916,672万,5.28%,0.7
1999-10-20,15.63,15.63,16.05,15.49,6560,441万,3.60%,0.46
1999-10-21,15.63,15.09,15.66,14.79,11483,747万,5.57%,0.81
1999-10-22,15.09,15.91,16.41,15.09,12104,823万,8.74%,0.85
1999-10-25,15.91,15.49,16.05,15.35,5224,349万,4.41%,0.37
1999-10-26,15.57,15.57,16.05,15.46,6437,434万,3.81%,0.45
1999-10-27,16.13,16.58,17.03,15.96,13795,967万,6.85%,0.97
1999-10-28,16.47,16.19,16.75,15.96,8063,559万,4.74%,0.57
1999-10-29,16.19,15.91,16.25,15.57,5568,376万,4.16%,0.39
1999-11-01,15.91,15.63,15.91,15.43,4602,307万,3.00%,0.32
1999-11-02,15.57,15.43,15.77,15.35,4526,302万,2.69%,0.32
1999-11-03,15.63,15.18,15.63,15.07,5385,352万,3.64%,0.38
1999-11-04,15.21,14.90,15.21,14.79,6842,440万,2.77%,0.48
1999-11-05,14.93,14.98,15.35,14.76,5185,336万,3.96%,0.37
1999-11-08,15.04,15.63,15.88,15.01,15422,1029万,5.81%,1.09
1999-11-09,15.60,16.19,16.30,15.49,22430,1536万,5.21%,1.58
1999-11-10,15.40,16.02,16.36,15.35,18319,1257万,6.24%,1.29
1999-11-11,15.82,15.91,16.16,15.57,11625,791万,3.68%,0.82
1999-11-12,15.91,16.02,16.25,15.77,17010,1164万,3.00%,1.2
1999-11-15,16.08,16.69,16.78,16.02,26024,1816万,4.73%,1.84
1999-11-16,16.81,16.47,16.89,16.22,11758,823万,4.04%,0.83
1999-11-17,16.47,16.44,16.61,16.19,11162,780万,2.56%,0.79
1999-11-18,16.72,17.37,17.59,16.44,30521,2216万,7.00%,2.15
1999-11-19,17.37,17.26,17.73,17.00,23856,1745万,4.20%,1.68
1999-11-22,17.20,17.23,17.45,17.03,5201,378万,2.44%,0.37
1999-11-23,17.20,17.09,17.37,16.78,5818,422万,3.42%,0.41
1999-11-24,17.31,17.87,18.24,17.09,38403,2875万,6.73%,2.71
1999-11-25,17.79,17.70,18.10,17.59,18141,1360万,2.83%,1.28
1999-11-26,17.70,17.70,17.96,17.48,16773,1250万,2.70%,1.18
1999-11-29,17.82,17.73,18.32,17.62,19697,1484万,3.96%,1.39
1999-11-30,17.73,17.42,17.82,17.06,11783,865万,4.27%,0.83
1999-12-01,17.37,17.37,17.54,16.89,21884,1584万,3.70%,1.54
1999-12-02,17.37,17.17,17.65,17.14,9384,689万,2.91%,0.66
1999-12-03,17.17,17.23,17.48,17.03,5901,430万,2.62%,0.42
1999-12-06,17.31,17.70,17.79,17.03,10182,753万,4.40%,0.72
1999-12-07,17.62,17.54,17.70,17.23,6385,470万,2.70%,0.45
1999-12-08,17.59,17.17,17.73,17.17,4851,354万,3.20%,0.34
1999-12-09,17.06,17.09,17.45,16.81,7980,572万,3.76%,0.56
1999-12-10,16.75,16.95,17.37,16.75,12529,903万,3.61%,0.88
1999-12-13,17.03,16.83,17.34,16.75,9117,659万,3.48%,0.64
1999-12-14,16.89,17.34,17.54,16.81,13559,988万,4.33%,0.96
1999-12-15,17.54,17.56,18.57,17.37,51530,3874万,6.96%,3.63
1999-12-16,17.68,17.40,17.90,17.28,12214,903万,3.52%,0.86
1999-12-17,17.42,16.92,17.45,16.83,7875,567万,3.55%,0.56
1999-12-21,16.81,16.41,16.81,16.05,10080,701万,4.48%,0.71
1999-12-22,16.19,15.88,16.47,15.77,5779,394万,4.28%,0.41
1999-12-23,15.77,15.85,15.85,15.07,13577,897万,4.95%,0.96
1999-12-24,15.80,15.66,16.61,15.57,16409,1132万,6.55%,1.16
1999-12-27,15.63,15.63,16.27,15.54,9809,666万,4.66%,0.69
1999-12-28,15.77,15.49,16.02,14.79,8210,538万,7.90%,0.58
1999-12-29,15.52,15.40,15.52,14.81,7014,456万,4.53%,0.49
1999-12-30,15.49,15.35,15.68,15.07,3331,221万,4.01%,0.23
2000-01-04,15.40,15.94,15.96,15.07,10373,698万,5.85%,0.73
2000-01-05,15.96,15.68,16.19,15.63,9840,669万,3.52%,0.69
2000-01-06,15.63,16.05,16.10,15.35,11910,804万,4.83%,0.84
2000-01-07,16.50,17.37,17.54,16.50,35476,2572万,6.47%,2.5
2000-01-10,17.59,17.59,18.10,17.06,33356,2468万,5.98%,2.35
2000-01-11,17.56,16.72,17.59,16.19,22003,1582万,7.98%,1.55
2000-01-12,16.75,15.91,17.12,15.91,11391,796万,7.22%,0.8
2000-01-13,15.68,15.66,16.13,15.35,10782,724万,4.94%,0.76
2000-01-14,15.91,15.66,16.13,15.46,10410,701万,4.30%,0.73
2000-01-17,15.80,16.05,16.08,15.49,8700,588万,3.76%,0.61
2000-01-18,16.13,16.97,17.59,15.68,26782,1893万,11.89%,1.89
2000-01-19,16.89,17.62,17.82,16.75,52943,3908万,6.28%,3.73
2000-01-20,17.73,18.55,18.80,17.45,104152,7970万,7.65%,7.35
2000-01-21,18.57,18.66,19.50,18.27,119138,9401万,6.66%,8.4
2000-01-24,18.66,19.50,19.70,18.43,97311,7762万,6.77%,6.86
2000-01-25,19.53,20.34,21.55,19.30,184123,1.56亿,11.51%,12.99
2000-01-26,20.34,19.61,21.07,18.94,148611,1.22亿,10.49%,10.48
2000-01-27,20.34,20.54,20.90,19.78,129258,1.09亿,5.72%,9.12
2000-01-28,20.68,22.93,22.93,20.68,166446,1.52亿,10.93%,11.74
2000-02-14,25.54,25.54,25.54,25.54,15645,1600万,0.00%,1.1
2000-02-15,28.40,28.40,28.40,28.40,13697,1541万,0.00%,0.97
2000-02-16,31.57,31.57,31.57,31.57,14903,1845万,0.00%,1.05
2000-02-17,35.05,33.23,35.05,30.50,506004,6.77亿,14.40%,35.69
2000-02-18,32.16,36.87,36.87,29.58,353060,4.45亿,21.96%,24.9
2000-02-21,37.46,37.13,40.61,33.31,298691,4.29亿,19.79%,21.07
2000-02-22,35.84,33.11,37.69,33.09,209494,2.86亿,12.40%,14.78
2000-02-23,31.91,29.49,32.61,29.49,145394,1.74亿,9.41%,10.25
2000-02-24,28.40,30.50,30.78,28.12,103825,1.20亿,9.04%,7.32
2000-02-25,30.45,28.71,30.73,28.26,97570,1.13亿,8.10%,6.88
2000-02-28,28.29,31.91,31.91,27.64,137603,1.64亿,14.86%,9.71
2000-02-29,32.05,30.00,32.41,28.96,119303,1.42亿,10.82%,8.41
2000-03-01,30.42,28.74,30.42,28.26,66374,7578万,7.20%,4.68
2000-03-02,28.82,29.35,30.22,28.06,61221,7013万,7.52%,4.32
2000-03-03,29.66,29.66,30.50,28.79,75179,8812万,5.83%,5.3
2000-03-06,29.89,26.38,30.17,26.38,75537,8418万,12.77%,5.33
2000-03-07,25.73,25.68,26.29,24.33,66136,6722万,7.45%,4.66
2000-03-08,25.73,27.14,27.64,24.95,57283,6071万,10.49%,4.04
2000-03-09,26.85,26.63,27.42,25.96,41917,4442万,5.38%,2.96
2000-03-10,26.41,26.83,28.54,26.29,48034,5215万,8.43%,3.39
2000-03-13,26.85,26.01,27.42,25.68,33092,3469万,6.49%,2.33
2000-03-14,24.61,25.00,25.73,24.19,47132,4710万,5.93%,3.32
2000-03-15,25.03,24.30,25.31,24.19,36109,3577万,4.49%,2.55
2000-03-16,24.05,22.06,24.05,21.55,55407,5099万,10.28%,3.91
2000-03-17,22.39,23.60,23.91,22.39,44473,4202万,6.87%,3.14
2000-03-20,23.49,24.30,24.33,22.78,36932,3509万,6.54%,2.6
2000-03-21,24.19,23.57,24.27,23.07,32581,3095万,4.97%,2.3
2000-03-22,23.63,24.19,25.06,23.15,36476,3557万,8.10%,2.57
2000-03-23,24.30,24.38,24.38,23.54,28860,2780万,3.48%,2.04
2000-03-24,24.89,26.15,27.14,24.55,104805,1.09亿,10.59%,7.39
2000-03-27,26.15,26.85,27.64,25.73,52814,5618万,7.30%,3.72
2000-03-28,27.14,26.55,27.47,26.24,37906,4027万,4.60%,2.67
2000-03-29,26.43,26.52,27.42,26.24,35348,3772万,4.44%,2.49
2000-03-30,26.60,26.21,27.25,25.82,28933,3044万,5.40%,2.04
2000-03-31,26.18,25.06,26.21,24.89,42497,4293万,5.03%,3
2000-04-03,24.75,24.33,24.86,24.02,31629,3091万,3.36%,2.23
2000-04-04,24.19,23.85,24.19,23.54,19239,1856万,2.65%,1.36
2000-04-05,23.85,24.81,24.86,23.85,14170,1389万,4.24%,1
2000-04-06,24.83,24.78,25.09,24.22,18366,1814万,3.51%,1.3
2000-04-07,24.89,26.38,27.42,24.89,52003,5494万,10.19%,3.67
2000-04-10,26.63,26.49,27.14,25.79,27880,2926万,5.11%,1.97
2000-04-11,26.43,27.30,27.42,25.70,32258,3401万,6.46%,2.28
2000-04-12,27.14,26.01,27.14,25.48,24510,2559万,6.07%,1.73
2000-04-13,25.73,25.82,26.60,25.45,16538,1711万,4.42%,1.17
2000-04-14,25.82,25.31,25.96,25.06,23744,2408万,3.48%,1.67
2000-04-17,25.03,24.30,25.03,24.05,27136,2650万,3.88%,1.91
2000-04-18,24.30,24.69,24.86,24.05,11429,1130万,3.35%,0.81
2000-04-19,24.69,24.69,25.11,24.41,12398,1230万,2.84%,0.87
2000-04-20,24.72,24.53,24.89,24.05,20224,1979万,3.41%,1.43
2000-04-21,24.55,24.75,25.17,24.05,21425,2108万,4.58%,1.51
2000-04-24,24.75,24.08,24.78,24.05,15744,1534万,2.95%,1.11
2000-04-25,24.08,23.63,24.30,23.40,18916,1808万,3.73%,1.33
2000-04-26,23.49,23.63,24.05,23.43,9902,946万,2.61%,0.7
2000-04-27,23.74,23.63,24.33,23.54,11146,1077万,3.33%,0.79
2000-04-28,23.63,24.13,24.19,23.54,8313,799万,2.73%,0.59
2000-05-08,24.27,23.35,24.47,23.26,9371,891万,5.00%,0.66
2000-05-09,23.35,22.56,23.49,22.20,14819,1362万,5.53%,1.05
2000-05-10,22.56,21.80,22.64,21.75,10604,954万,3.98%,0.75
2000-05-12,20.71,20.57,21.21,20.40,8344,711万,3.73%,0.59
2000-05-15,20.71,19.53,20.85,19.22,13044,1064万,7.91%,0.92
2000-05-16,19.70,20.29,20.34,19.59,8875,730万,3.88%,0.63
2000-05-17,20.31,20.23,21.13,19.95,9155,773万,5.81%,0.65
2000-05-18,20.40,20.90,20.96,20.12,9380,789万,4.16%,0.66
2000-05-19,20.90,20.79,21.16,20.34,12269,1041万,3.89%,0.87
2000-05-22,20.79,21.52,21.80,20.54,21647,1883万,6.07%,1.53
2000-05-23,21.58,22.08,22.14,21.47,16379,1458万,3.13%,1.16
2000-05-24,22.08,22.56,23.35,21.38,20926,1897万,8.90%,1.48
2000-05-25,22.56,22.45,22.93,22.22,17503,1598万,3.11%,1.23
2000-05-26,22.64,22.06,22.78,21.83,16110,1454万,4.25%,1.14
2000-05-29,21.94,21.89,22.34,21.47,20087,1785万,3.95%,1.42
2000-05-30,21.91,21.61,22.22,21.52,13137,1163万,3.21%,0.93
2000-05-31,21.47,21.61,21.80,20.99,17447,1519万,3.77%,1.23
2000-06-01,21.61,22.45,22.50,21.19,22434,2002万,6.11%,1.58
2000-06-02,22.50,21.97,22.56,21.80,11950,1079万,3.38%,0.84
2000-06-05,21.94,21.86,22.31,21.47,20170,1802万,3.83%,1.42
2000-06-06,21.80,22.62,22.62,21.52,27143,2448万,5.01%,1.91
2000-06-07,22.70,25.20,25.20,22.64,67243,6683万,11.29%,4.74
2000-06-08,25.84,25.42,26.12,24.05,127131,1.28亿,8.24%,8.97
2000-06-09,25.42,23.43,25.45,23.43,28759,2834万,7.95%,2.03
2000-06-12,23.43,23.74,23.96,22.78,18397,1741万,5.03%,1.3
2000-06-13,23.88,23.96,24.33,23.43,14975,1442万,3.78%,1.06
2000-06-14,23.96,23.65,24.50,23.63,16916,1642万,3.63%,1.19
2000-06-15,23.46,23.35,23.88,22.90,15738,1486万,4.15%,1.11
2000-06-16,23.32,22.78,23.46,22.64,16521,1538万,3.49%,1.17
2000-06-19,22.78,22.78,23.35,22.39,10704,988万,4.19%,0.75
2000-06-20,22.78,22.50,23.09,22.36,8628,793万,3.20%,0.61
2000-06-21,22.48,22.64,23.35,22.36,8380,773万,4.37%,0.59
2000-06-22,23.07,22.76,23.15,22.53,7372,679万,2.73%,0.52
2000-06-23,22.93,22.84,22.98,22.56,8774,809万,1.85%,0.62
2000-06-26,22.87,23.37,23.63,22.78,14711,1383万,3.69%,1.04
2000-06-27,23.71,22.93,23.74,22.73,11213,1044万,4.32%,0.79
2000-06-28,22.93,22.78,23.09,22.59,12903,1190万,2.20%,0.91
2000-06-29,22.78,22.31,22.78,22.17,16572,1507万,2.71%,1.17
2000-06-30,22.50,22.06,22.59,22.03,15405,1394万,2.52%,1.09
2000-07-03,21.80,21.33,21.80,21.24,13459,1180万,2.55%,0.95
2000-07-04,21.44,21.66,21.80,21.33,7209,635万,2.24%,0.51
2000-07-05,21.66,21.69,21.89,21.66,6421,570万,1.04%,0.45
2000-07-06,21.69,21.47,21.75,21.35,7246,636万,1.81%,0.51
2000-07-07,21.27,21.52,21.80,21.24,8167,718万,2.62%,0.58
2000-07-10,21.66,21.19,21.80,20.93,15780,1369万,4.04%,1.11
2000-07-11,21.19,22.62,22.78,21.19,19977,1784万,7.55%,1.41
2000-07-12,22.64,22.22,22.78,22.08,11299,1024万,3.10%,0.8
2000-07-13,22.22,22.34,23.09,22.11,17310,1595万,4.42%,1.22
2000-07-14,22.36,22.08,22.50,21.66,10051,901万,3.77%,0.71
2000-07-17,21.80,21.75,22.08,21.52,12466,1106万,2.54%,0.88
2000-07-18,21.80,22.36,22.64,21.75,8792,793万,4.13%,0.62
2000-07-19,22.62,22.93,22.93,21.75,15630,1426万,5.27%,1.1
2000-07-20,22.93,22.64,22.93,22.34,7663,703万,2.57%,0.54
2000-07-21,22.56,22.84,23.09,22.45,15588,1447万,2.85%,1.1
2000-07-24,23.71,23.35,23.88,23.07,27240,2579万,3.56%,1.92
2000-07-25,23.35,23.09,23.63,22.95,11692,1098万,2.89%,0.82
2000-07-26,23.21,23.51,23.77,23.15,20158,1913万,2.67%,1.42
2000-07-27,23.74,23.18,23.77,23.07,12243,1155万,2.98%,0.86
2000-07-28,23.32,22.93,23.35,22.59,10549,978万,3.27%,0.74
2000-07-31,22.93,23.91,24.19,22.90,35979,3455万,5.63%,2.54
2000-08-01,23.91,24.08,24.33,23.77,19712,1914万,2.35%,1.39
2000-08-02,24.13,23.77,24.27,23.51,10683,1026万,3.15%,0.75
2000-08-03,23.94,23.29,23.99,23.21,13020,1241万,3.31%,0.92
2000-08-04,23.46,23.07,23.63,22.98,11843,1116万,2.77%,0.84
2000-08-07,23.07,23.82,23.94,22.64,15492,1457万,5.60%,1.09
2000-08-08,23.77,23.43,23.85,23.37,10729,1021万,2.00%,0.76
2000-08-09,23.21,24.61,24.72,23.15,54962,5352万,6.71%,3.88
2000-08-10,24.61,24.16,24.72,23.85,27229,2664万,3.54%,1.92
2000-08-11,24.16,24.16,24.67,24.10,24763,2437万,2.32%,1.75
2000-08-14,24.33,24.33,24.64,24.19,17737,1744万,1.86%,1.25
2000-08-15,24.33,24.05,24.36,23.91,12747,1240万,1.85%,0.9
2000-08-16,24.05,23.82,24.30,23.71,12247,1183万,2.45%,0.86
2000-08-17,23.91,23.82,24.05,23.77,11708,1129万,1.18%,0.83
2000-08-18,24.05,24.58,25.11,24.05,39761,3967万,4.48%,2.8
2000-08-21,24.89,25.42,25.56,24.24,39503,3995万,5.37%,2.79
2000-08-22,25.45,24.47,25.59,24.47,24370,2461万,4.42%,1.72
2000-08-23,24.19,24.02,24.75,22.87,30684,2948万,7.69%,2.16
2000-08-24,24.02,24.33,24.61,23.63,17599,1715万,4.09%,1.24
2000-08-25,24.33,24.50,24.55,23.94,11503,1122万,2.54%,0.81
2000-08-28,24.61,25.17,25.20,24.33,26965,2690万,3.55%,1.9
2000-08-29,25.17,25.03,25.31,24.78,19557,1967万,2.12%,1.38
2000-08-30,24.89,24.19,25.17,24.05,17917,1768万,4.49%,1.26
2000-08-31,24.10,23.63,24.10,23.49,20673,1987万,2.55%,1.46
2000-09-01,23.49,23.49,23.82,23.23,16603,1579万,2.49%,1.17
2000-09-04,23.49,24.89,25.17,23.35,62362,6204万,7.77%,4.4
2000-09-05,25.17,24.55,25.62,24.41,55184,5580万,4.85%,3.89
2000-09-06,24.33,26.18,26.29,24.27,112196,1.16亿,8.23%,7.91
2000-09-07,26.43,26.27,26.85,25.73,73291,7695万,4.29%,5.17
2000-09-08,26.29,25.82,26.49,25.51,30917,3203万,3.74%,2.18
2000-09-11,25.87,26.55,26.88,25.87,40360,4263万,3.91%,2.85
2000-09-12,26.80,25.98,26.91,25.82,28113,2954万,4.12%,1.98
2000-09-13,26.15,25.65,26.24,25.48,24608,2530万,2.92%,1.74
2000-09-14,25.73,25.90,26.71,25.65,20230,2118万,4.16%,1.43
2000-09-15,25.96,25.40,25.96,25.11,15669,1596万,3.25%,1.11
2000-09-18,25.40,24.55,25.59,24.27,19654,1970万,5.19%,1.39
2000-09-19,24.33,23.29,24.33,23.23,19350,1853万,4.46%,1.36
2000-09-20,23.26,23.57,23.94,22.93,17196,1624万,4.34%,1.21
2000-09-21,23.74,22.76,23.74,22.64,14383,1342万,4.64%,1.01
2000-09-22,22.78,22.67,23.43,22.62,9235,860万,3.58%,0.65
2000-09-25,22.78,22.45,23.18,22.08,8045,734万,4.83%,0.57
2000-09-26,22.45,22.59,22.81,22.17,4195,383万,2.88%,0.3
2000-09-27,22.45,22.81,22.87,22.39,4711,433万,2.11%,0.33
2000-09-28,22.87,22.08,22.87,22.03,11379,1030万,3.69%,0.8
2000-09-29,22.14,22.25,22.48,22.08,7775,704万,1.78%,0.55
2000-10-09,22.22,22.98,23.01,22.22,6243,573万,3.53%,0.44
2000-10-10,22.98,23.18,23.18,22.50,8199,761万,2.93%,0.58
2000-10-11,23.18,22.64,23.18,22.62,7090,655万,2.42%,0.5
2000-10-12,22.67,22.39,22.67,22.08,12283,1112万,2.60%,0.87
2000-10-13,22.64,22.50,22.70,22.25,6323,577万,2.01%,0.45
2000-10-16,22.48,22.11,22.50,22.03,8522,768万,2.12%,0.6
2000-10-17,22.11,21.94,22.34,21.69,8340,743万,2.92%,0.59
2000-10-18,21.94,22.08,22.22,21.66,6588,590万,2.56%,0.46
2000-10-19,22.08,22.08,22.17,21.75,6708,600万,1.91%,0.47
2000-10-20,22.08,22.56,22.64,21.80,5659,514万,3.81%,0.4
2000-10-23,22.56,22.76,22.78,22.25,7655,701万,2.36%,0.54
2000-10-24,22.64,22.50,22.76,22.22,6750,617万,2.34%,0.48
2000-10-25,22.50,22.64,22.70,22.36,9577,879万,1.50%,0.68
2000-10-26,22.78,22.73,22.87,22.36,8165,749万,2.23%,0.58
2000-10-27,22.78,22.50,22.78,22.39,5841,535万,1.73%,0.41
2000-10-30,22.50,22.64,22.64,21.89,10218,922万,3.37%,0.72
2000-10-31,22.70,22.78,22.78,22.22,7216,662万,2.48%,0.51
2000-11-01,22.78,22.98,23.21,22.42,11367,1058万,3.45%,0.8
2000-11-02,23.07,23.09,23.46,22.93,10555,992万,2.32%,0.74
2000-11-03,23.09,23.09,23.21,22.78,8215,766万,1.82%,0.58
2000-11-06,22.98,22.95,23.26,22.81,11647,1085万,1.94%,0.8
2000-11-07,22.93,22.98,22.98,22.42,9210,850万,2.45%,0.63
2000-11-08,22.98,22.73,23.07,22.67,8327,772万,1.71%,0.57
2000-11-09,22.73,22.95,22.98,22.50,9642,893万,2.10%,0.66
2000-11-10,22.93,23.01,23.15,22.64,15204,1409万,2.20%,1.04
2000-11-13,23.18,23.99,24.05,22.93,18771,1776万,4.88%,1.29
2000-11-14,23.91,23.74,24.05,23.49,14581,1398万,2.34%,1
2000-11-15,23.71,23.74,24.27,23.65,13478,1301万,2.60%,0.93
2000-11-16,23.80,24.30,24.89,23.77,21830,2149万,4.73%,1.5
2000-11-17,24.30,24.13,24.61,24.02,12239,1196万,2.43%,0.84
2000-11-20,24.05,24.55,24.58,23.71,14081,1373万,3.61%,0.97
2000-11-21,24.55,24.67,25.17,24.33,17314,1729万,3.43%,1.19
2000-11-22,24.75,26.07,26.15,24.69,71335,7326万,5.92%,4.9
2000-11-23,26.29,25.68,26.35,25.40,40772,4228万,3.66%,2.8
2000-11-24,25.68,24.05,25.93,23.80,39591,3976万,8.31%,2.72
2000-11-27,23.91,24.89,25.34,23.77,28457,2835万,6.54%,1.95
2000-11-28,24.89,25.09,25.68,24.81,19973,2023万,3.50%,1.37
2000-11-29,25.17,24.72,25.34,24.55,16526,1653万,3.13%,1.14
2000-11-30,24.67,24.41,24.89,24.33,9814,969万,2.27%,0.67
2000-12-01,24.47,24.83,24.89,24.33,8691,862万,2.30%,0.6
2000-12-04,24.89,25.17,25.20,24.61,13655,1371万,2.37%,0.94
2000-12-05,25.20,24.89,25.62,24.83,13966,1413万,3.12%,0.96
2000-12-06,25.17,24.33,25.17,24.27,12583,1241万,3.61%,0.86
2000-12-07,24.19,23.82,24.19,23.77,12287,1189万,1.73%,0.84
2000-12-08,23.82,23.99,24.19,23.77,8664,839万,1.77%,0.6
2000-12-11,23.99,23.51,24.19,23.21,7847,751万,4.09%,0.54
2000-12-12,23.51,23.63,23.68,23.21,6846,649万,2.03%,0.47
2000-12-13,23.77,23.71,23.99,23.65,5795,557万,1.43%,0.4
2000-12-14,23.77,23.77,24.19,23.63,4223,407万,2.37%,0.29
2000-12-15,23.94,23.71,24.05,23.63,3126,300万,1.77%,0.21
2000-12-18,23.77,23.49,23.80,23.07,5937,560万,3.08%,0.41
2000-12-19,23.54,23.29,23.54,23.21,5318,502万,1.43%,0.37
2000-12-20,23.29,23.51,23.80,23.26,4018,383万,2.29%,0.28
2000-12-21,23.63,23.96,24.24,23.60,7628,738万,2.75%,0.52
2000-12-25,24.05,23.91,24.55,23.91,9155,894万,2.69%,0.63
2000-12-26,24.05,23.77,24.19,23.71,5491,529万,2.00%,0.38
2000-12-27,23.91,23.57,23.91,23.51,5371,513万,1.65%,0.37
2000-12-28,23.51,23.80,24.27,23.49,6284,605万,3.33%,0.43
2000-12-29,23.77,23.91,24.19,23.77,5880,571万,1.77%,0.4
2001-01-02,24.05,24.41,24.47,23.82,7077,690万,2.70%,0.49
2001-01-03,24.61,24.53,24.64,24.36,8422,830万,1.15%,0.58
2001-01-04,24.61,24.89,25.14,24.38,19570,1955万,3.09%,1.34
2001-01-05,24.89,25.20,25.40,24.89,23291,2352万,2.03%,1.6
2001-01-08,25.59,25.51,25.73,24.89,30994,3164万,3.34%,2.13
2001-01-09,25.31,25.00,25.68,24.83,15149,1535万,3.30%,1.04
2001-01-10,25.17,25.56,25.70,25.11,16974,1735万,2.36%,1.17
2001-01-11,25.68,25.76,26.15,25.45,26128,2702万,2.74%,1.79
2001-01-12,25.87,25.17,26.01,25.17,15806,1619万,3.27%,1.09
2001-01-15,25.37,24.36,25.37,24.33,13213,1312万,4.13%,0.91
2001-01-16,24.47,24.67,24.81,24.05,7692,757万,3.11%,0.53
2001-01-17,24.61,24.72,24.72,24.33,5683,562万,1.59%,0.39
2001-01-18,25.00,24.72,25.17,24.67,7774,778万,2.04%,0.53
2001-01-19,25.14,25.11,25.45,24.89,10906,1104万,2.27%,0.75
2001-02-05,25.14,24.72,25.42,24.72,10548,1061万,2.79%,0.72
2001-02-06,24.33,24.55,24.58,23.49,3188,310万,4.43%,0.22
2001-02-07,24.53,23.96,24.75,23.77,4661,453万,4.00%,0.32
2001-02-08,24.33,23.63,24.58,23.51,6279,610万,4.45%,0.43
2001-02-09,24.89,24.89,25.31,24.05,20539,2055万,5.35%,1.41
2001-02-12,25.03,26.01,26.29,24.92,50099,5161万,5.53%,3.44
2001-02-13,26.04,26.07,26.43,25.73,35060,3655万,2.70%,2.41
2001-02-14,26.07,25.73,26.07,25.51,15715,1625万,2.15%,1.08
2001-02-15,25.79,26.57,26.83,25.62,38167,4010万,4.69%,2.62
2001-02-16,26.57,26.49,26.74,25.90,39021,4118万,3.17%,2.68
2001-02-19,26.49,26.94,27.28,26.29,47483,5098万,3.71%,3.26
2001-02-20,26.94,26.21,27.28,26.10,34780,3699万,4.38%,2.39
2001-02-21,26.10,25.48,26.43,25.17,29367,3029万,4.82%,2.02
2001-02-22,25.48,25.65,25.90,25.20,11848,1217万,2.75%,0.81
2001-02-23,25.59,26.18,26.29,25.31,11866,1221万,3.83%,0.82
2001-02-26,26.27,26.21,26.69,25.73,17102,1798万,3.64%,1.17
2001-02-27,26.21,25.87,26.29,25.59,11341,1178万,2.68%,0.78
2001-02-28,25.87,27.08,27.36,25.62,48887,5254万,6.73%,3.36
2001-03-01,27.08,27.25,28.15,26.99,65718,7205万,4.25%,4.51
2001-03-02,27.42,28.96,29.10,27.14,82706,9204万,7.21%,5.68
2001-03-05,29.02,28.62,29.52,28.59,124426,1.43亿,3.20%,8.55
2001-03-06,28.54,30.64,30.73,28.15,93422,1.08亿,9.02%,6.42
2001-03-07,30.64,30.34,31.15,30.22,103086,1.24亿,3.02%,7.08
2001-03-09,31.91,28.71,31.91,28.62,78000,9175万,10.83%,5.36
2001-03-12,28.54,30.48,31.23,27.98,133082,1.57亿,11.34%,9.14
2001-03-13,29.10,29.04,30.22,28.88,55437,6467万,4.42%,3.81
2001-03-14,29.04,29.55,29.94,28.88,48449,5649万,3.67%,3.33
2001-03-15,29.52,32.38,32.47,29.38,153445,1.88亿,10.45%,10.54
2001-03-16,32.61,32.16,32.97,31.79,107027,1.36亿,3.64%,7.35
2001-03-19,32.19,32.27,33.68,31.99,74782,9614万,5.24%,5.14
2001-03-20,32.33,33.17,33.53,31.35,74886,9454万,6.78%,5.14
2001-03-21,33.17,33.31,33.62,32.69,54606,7072万,2.79%,3.75
2001-03-22,33.31,32.27,33.45,31.91,68760,8733万,4.63%,4.72
2001-03-23,32.47,31.91,32.97,31.85,50716,6406万,3.48%,3.48
2001-03-26,31.77,32.86,33.39,31.51,60461,7650万,5.89%,4.15
2001-03-27,33.03,33.31,34.43,32.61,69842,9175万,5.55%,4.8
2001-03-28,33.34,33.03,33.87,32.75,47013,6103万,3.37%,3.23
2001-03-29,33.00,32.27,33.03,31.91,53621,6804万,3.40%,3.68
2001-03-30,32.16,32.47,32.66,31.57,60737,7593万,3.39%,4.17
2001-04-02,32.33,31.32,32.41,31.21,68045,8438万,3.72%,4.67
2001-04-03,31.21,31.21,32.19,31.01,43964,5428万,3.76%,3.02
2001-04-04,31.21,30.92,31.74,30.78,29692,3651万,3.06%,2.04
2001-04-05,30.78,30.56,31.32,29.94,48894,5847万,4.45%,3.36
2001-04-06,30.64,31.49,31.65,30.25,39804,4860万,4.59%,2.73
2001-04-09,31.46,32.16,32.72,31.35,48062,6061万,4.37%,3.3
2001-04-10,32.27,31.71,32.47,31.57,23314,2912万,2.79%,1.6
2001-04-11,31.71,31.82,32.41,31.60,17148,2139万,2.57%,1.18
2001-04-12,31.82,31.04,32.44,30.92,25456,3152万,4.76%,1.75
2001-04-13,30.92,30.78,31.06,30.28,41555,4990万,2.53%,2.85
2001-04-16,30.81,29.83,31.06,29.66,66042,7803万,4.56%,4.54
2001-04-17,29.83,30.22,30.48,29.16,47552,5584万,4.42%,3.27
2001-04-18,30.08,29.44,30.08,29.38,32266,3763万,2.32%,2.22
2001-04-19,29.38,29.46,29.94,29.16,24417,2840万,2.67%,1.68
2001-04-20,29.44,28.29,29.46,28.26,47919,5457万,4.10%,3.29
2001-04-23,28.26,27.58,28.26,27.16,40303,4423万,3.87%,2.77
2001-04-24,27.56,28.03,28.29,27.56,19476,2164万,2.65%,1.34
2001-04-25,28.12,28.54,29.27,28.12,36616,4175万,4.10%,2.52
2001-04-26,28.54,27.84,29.02,27.75,14681,1646万,4.43%,1.01
2001-04-27,27.92,27.92,28.26,27.58,10464,1158万,2.42%,0.72
2001-04-30,28.26,27.70,28.26,27.56,8209,905万,2.51%,0.56
2001-05-08,27.70,28.74,28.76,27.70,8731,970万,3.85%,0.6
2001-05-09,28.96,28.76,29.04,28.54,7448,847万,1.76%,0.51
2001-05-10,28.76,28.34,28.96,28.23,13209,1494万,2.54%,0.91
2001-05-11,28.34,28.26,28.68,28.03,10585,1184万,2.28%,0.73
2001-05-14,28.26,28.59,28.82,27.70,15212,1701万,3.97%,1.04
2001-05-15,28.96,28.99,29.02,28.48,19542,2230万,1.86%,1.34
2001-05-16,29.04,29.75,29.94,29.02,27372,3202万,3.20%,1.88
2001-05-17,29.75,29.07,29.83,29.04,11534,1334万,2.64%,0.79
2001-05-21,29.32,29.10,29.52,28.68,17812,2039万,2.90%,1.22
2001-05-22,29.24,30.92,30.95,29.10,48938,5819万,6.37%,3.36
2001-05-23,31.21,31.18,31.29,30.50,63451,7717万,2.54%,4.36
2001-05-24,31.18,30.84,31.21,30.53,21407,2592万,2.16%,1.47
2001-05-25,30.78,30.22,31.01,30.03,17618,2109万,3.19%,1.21
2001-05-28,30.14,30.11,30.76,29.80,16202,1937万,3.16%,1.11
2001-05-29,30.11,29.32,30.17,29.27,14595,1709万,2.98%,1
2001-05-30,29.30,30.00,30.00,29.18,12807,1499万,2.78%,0.88
2001-05-31,29.94,29.61,30.31,29.32,12447,1454万,3.27%,0.85
2001-06-01,29.61,29.07,29.61,28.82,22177,2550万,2.65%,1.52
2001-06-04,29.04,28.51,29.07,28.12,31388,3545万,3.28%,2.16
2001-06-05,28.51,28.68,28.96,28.26,18480,2092万,2.46%,1.27
2001-06-06,28.54,28.79,29.04,28.26,15838,1798万,2.74%,1.09
2001-06-07,28.79,28.45,28.82,28.26,14186,1599万,1.95%,0.97
2001-06-08,28.45,29.75,30.03,28.26,19614,2267万,6.21%,1.35
2001-06-11,29.80,29.52,29.94,29.27,18672,2178万,2.26%,1.28
2001-06-12,29.79,29.82,29.93,29.37,10139,1173万,1.90%,0.7
2001-06-13,29.87,30.26,30.49,29.82,16777,1983万,2.26%,1.15
2001-06-14,30.21,29.06,30.21,29.00,14949,1731万,3.99%,1.03
2001-06-15,29.06,29.25,29.34,28.67,11449,1300万,2.32%,0.79
2001-06-18,29.25,28.38,29.25,28.33,13539,1521万,3.17%,0.93
2001-06-19,28.36,28.81,28.81,28.36,6763,758万,1.58%,0.46
2001-06-20,28.83,28.52,29.09,28.47,4012,452万,2.14%,0.28
2001-06-21,28.52,28.81,28.81,28.52,5369,603万,0.98%,0.37
2001-06-22,28.81,28.69,28.95,28.38,9470,1062万,1.95%,0.65
2001-06-25,28.75,29.06,29.06,28.52,11871,1340万,1.86%,0.82
2001-06-26,29.06,29.37,29.59,28.69,11082,1262万,3.09%,0.76
2001-06-27,29.37,29.79,30.18,29.09,14111,1642万,3.73%,0.97
2001-06-28,29.87,29.42,30.04,29.37,8250,954万,2.26%,0.57
2001-06-29,29.37,29.59,29.93,29.37,11836,1374万,1.91%,0.81
2001-07-02,29.59,29.87,30.10,29.59,11206,1309万,1.71%,0.77
2001-07-03,29.90,30.52,30.74,29.90,49434,5870万,2.82%,3.4
2001-07-04,30.63,30.12,30.69,29.96,15271,1808万,2.39%,1.05
2001-07-05,30.12,29.11,30.21,29.09,11460,1325万,3.73%,0.79
2001-07-06,29.11,29.11,29.51,29.06,5419,620万,1.54%,0.37
2001-07-09,30.21,29.37,30.21,29.11,4129,474万,3.76%,0.28
2001-07-10,29.31,29.37,29.65,29.28,4006,462万,1.24%,0.28
2001-07-11,29.37,28.81,29.51,28.81,5813,661万,2.39%,0.4
2001-07-12,28.83,28.72,28.92,28.38,7183,807万,1.85%,0.49
2001-07-13,28.81,28.55,29.06,28.52,6301,708万,1.86%,0.43
2001-07-16,29.23,28.55,29.25,28.52,5232,588万,2.56%,0.36
2001-07-17,28.52,28.44,28.75,28.24,5421,606万,1.77%,0.37
2001-07-18,28.52,28.44,28.67,28.24,4697,525万,1.48%,0.32
2001-07-19,28.33,28.33,28.67,28.24,5536,617万,1.48%,0.38
2001-07-20,28.33,28.78,29.11,28.33,5988,674万,2.77%,0.41
2001-07-23,28.81,29.11,29.20,28.67,6625,751万,1.85%,0.46
2001-07-24,28.81,28.55,29.11,28.33,4986,561万,2.70%,0.34
2001-07-25,28.33,27.96,28.52,27.82,7755,860万,2.46%,0.53
2001-07-26,27.85,26.95,27.85,26.22,13752,1462万,5.82%,0.94
2001-07-27,26.87,26.05,26.87,26.00,9048,946万,3.23%,0.62
2001-07-30,26.00,23.75,26.00,23.47,10800,1066万,9.70%,0.74
2001-07-31,23.28,23.00,25.02,22.57,11593,1096万,10.28%,0.8
2001-08-01,23.19,24.31,24.54,23.19,10244,982万,5.86%,0.7
2001-08-02,24.54,24.26,24.65,23.42,6917,664万,5.08%,0.48
2001-08-03,24.06,24.17,24.45,23.95,3716,359万,2.08%,0.26
2001-08-06,24.17,22.74,24.17,22.57,7584,699万,6.62%,0.52
2001-08-07,22.74,23.30,23.61,22.57,3978,368万,4.57%,0.27
2001-08-08,23.33,23.19,23.36,22.86,3286,304万,2.17%,0.23
2001-08-09,23.75,23.98,24.03,23.33,5093,484万,3.03%,0.35
2001-08-10,23.75,24.43,24.60,23.75,7982,774万,3.51%,0.55
2001-08-13,24.45,24.45,24.82,24.09,4160,405万,2.99%,0.29
2001-08-14,24.45,23.92,24.54,23.56,5317,510万,4.02%,0.37
2001-08-15,23.92,23.75,24.03,23.61,4633,441万,1.76%,0.32
2001-08-16,23.78,23.73,23.98,23.70,3865,368万,1.18%,0.27
2001-08-17,23.70,23.70,23.95,23.19,2886,272万,3.19%,0.2
2001-08-20,23.47,23.87,23.89,23.42,3269,308万,2.01%,0.22
2001-08-21,24.03,24.17,24.48,23.92,5794,560万,2.35%,0.4
2001-08-22,24.17,23.75,24.17,23.47,3754,356万,2.90%,0.26
2001-08-23,23.47,24.06,24.15,23.11,2971,281万,4.37%,0.2
2001-08-24,24.01,24.17,24.37,23.98,8673,839万,1.63%,0.6
2001-08-27,23.98,23.19,23.98,23.19,5173,486万,3.25%,0.36
2001-08-28,23.19,23.42,23.42,22.71,4438,410万,3.03%,0.3
2001-08-29,23.47,23.50,24.03,23.33,2555,242万,3.00%,0.18
2001-08-30,23.47,23.16,23.47,23.05,2935,273万,1.79%,0.2
2001-08-31,23.61,23.25,23.70,23.19,1654,155万,2.18%,0.11
2001-09-03,23.19,22.83,23.19,22.80,2647,243万,1.69%,0.18
2001-09-04,22.88,23.33,23.39,22.88,2668,249万,2.21%,0.18
2001-09-05,23.64,23.36,23.84,23.33,2947,279万,2.17%,0.2
2001-09-06,23.33,23.05,23.61,23.00,2816,262万,2.64%,0.19
2001-09-07,23.05,20.95,23.05,20.95,11824,1056万,9.13%,0.81
2001-09-10,20.39,21.42,21.62,19.82,8482,719万,8.58%,0.58
2001-09-11,21.42,21.65,21.98,21.09,4597,401万,4.19%,0.32
2001-09-12,20.95,21.03,21.28,20.13,7443,631万,5.32%,0.51
2001-09-13,21.23,21.03,21.28,20.97,2286,195万,1.47%,0.16
2001-09-14,21.03,20.39,21.06,20.39,4741,396万,3.20%,0.33
2001-09-17,20.33,19.26,20.33,19.26,9702,779万,5.23%,0.67
2001-09-18,19.40,19.71,20.10,18.98,4043,324万,5.83%,0.28
2001-09-19,19.71,19.85,19.96,19.32,3424,275万,3.27%,0.24
2001-09-20,19.88,20.05,20.81,19.74,7303,606万,5.37%,0.5
2001-09-21,19.96,19.82,20.10,19.77,2334,190万,1.68%,0.16
2001-09-24,19.82,19.63,19.96,19.54,3238,260万,2.12%,0.22
2001-09-25,19.82,19.60,19.91,19.60,1496,121万,1.57%,0.1
2001-09-27,19.57,19.12,19.68,18.50,4455,348万,6.01%,0.31
2001-09-28,18.98,19.26,19.49,18.98,2221,175万,2.64%,0.15
2001-10-08,19.40,18.56,19.51,18.42,3138,242万,5.68%,0.22
2001-10-09,18.84,18.93,19.15,18.45,2495,192万,3.78%,0.17
2001-10-10,18.93,18.62,18.93,18.36,4606,352万,2.97%,0.32
2001-10-11,19.12,20.58,20.78,18.76,67485,5608万,10.86%,4.64
2001-10-12,20.16,21.23,21.62,20.05,56529,4797万,7.64%,3.88
2001-10-15,21.45,21.51,21.70,20.89,31854,2742万,3.83%,2.19
2001-10-16,21.51,21.14,21.51,20.89,13494,1156万,2.87%,0.93
2001-10-17,21.20,21.03,21.79,20.53,14515,1251万,5.97%,1
2001-10-18,20.95,21.17,21.34,20.67,9473,808万,3.20%,0.65
2001-10-19,20.83,20.39,21.23,20.05,17964,1507万,5.57%,1.23
2001-10-22,20.30,20.27,20.97,19.99,11420,951万,4.82%,0.78
2001-10-23,22.35,22.60,22.60,21.54,51139,4585万,5.26%,3.51
2001-10-24,23.28,22.41,23.33,21.87,57478,5256万,6.46%,3.95
2001-10-25,22.35,21.54,22.35,21.51,18033,1597万,3.76%,1.24
2001-10-26,21.54,22.27,22.35,21.28,13936,1229万,4.95%,0.96
2001-10-29,22.27,22.43,22.83,22.27,12348,1118万,2.52%,0.85
2001-10-30,22.41,22.01,22.60,21.93,7923,706万,3.00%,0.54
2001-10-31,21.79,22.63,22.63,21.68,6625,592万,4.34%,0.46
2001-11-01,22.77,22.77,23.05,22.38,11906,1090万,2.98%,0.82
2001-11-02,22.63,22.10,22.63,22.01,9518,853万,2.71%,0.65
2001-11-05,21.73,22.07,22.60,21.73,5724,512万,3.94%,0.39
2001-11-06,22.04,21.70,22.24,21.65,4084,362万,2.67%,0.28
2001-11-07,21.65,19.66,21.90,19.29,16528,1375万,12.03%,1.14
2001-11-08,19.21,19.91,20.05,19.01,12228,981万,5.28%,0.84
2001-11-09,19.96,19.96,20.53,19.21,8647,703万,6.63%,0.59
2001-11-12,20.02,20.05,20.64,19.96,5529,456万,3.37%,0.38
2001-11-13,19.54,19.60,19.99,19.18,4483,360万,4.06%,0.31
2001-11-14,19.60,19.68,19.99,19.54,2408,195万,2.29%,0.17
2001-11-15,19.82,19.68,19.96,19.49,2393,192万,2.42%,0.16
2001-11-16,21.76,19.88,21.79,19.54,13720,1147万,11.41%,0.94
2001-11-19,19.82,20.27,20.33,19.82,3982,327万,2.54%,0.27
2001-11-20,20.55,20.75,20.89,20.30,8123,682万,2.91%,0.56
2001-11-21,20.81,21.51,21.56,20.47,10776,918万,5.28%,0.74
2001-11-22,21.73,21.51,21.73,21.23,8808,764万,2.35%,0.61
2001-11-23,21.51,21.51,21.65,21.09,11223,972万,2.61%,0.77
2001-11-26,21.51,21.65,21.84,21.45,14704,1286万,1.83%,1.01
2001-11-27,21.65,21.76,21.79,21.45,7386,645万,1.56%,0.51
2001-11-28,21.79,21.79,21.93,21.56,12417,1090万,1.68%,0.85
2001-11-29,21.79,21.45,21.84,21.34,10257,892万,2.32%,0.7
2001-11-30,21.40,21.76,21.79,21.34,6062,529万,2.09%,0.42
2001-12-03,21.68,21.79,21.98,21.68,8205,724万,1.42%,0.56
2001-12-04,21.82,22.15,22.55,21.82,12084,1082万,3.35%,0.83
2001-12-05,22.01,21.34,22.13,21.31,9577,840万,3.67%,0.66
2001-12-06,21.34,21.48,21.68,21.28,5571,483万,1.84%,0.38
2001-12-07,21.51,21.56,21.90,21.48,5044,441万,1.96%,0.35
2001-12-10,21.59,22.21,22.21,21.56,7681,680万,2.99%,0.53
2001-12-11,21.93,21.87,22.43,21.82,7496,669万,2.78%,0.51
2001-12-12,21.65,21.26,21.79,21.17,6128,532万,2.82%,0.42
2001-12-13,21.23,20.55,21.65,20.53,6903,587万,5.28%,0.47
2001-12-14,20.39,20.27,20.75,20.27,5370,446万,2.32%,0.37
2001-12-17,20.27,20.13,20.39,20.05,2512,207万,1.66%,0.17
2001-12-18,20.67,20.53,20.67,20.19,2697,224万,2.37%,0.19
2001-12-19,20.64,20.19,20.64,20.10,2510,208万,2.60%,0.17
2001-12-20,20.10,19.57,20.10,19.54,5594,451万,2.78%,0.38
2001-12-21,19.54,19.80,19.82,19.49,2648,213万,1.72%,0.18
2001-12-24,19.71,19.18,19.82,19.15,3577,284万,3.40%,0.25
2001-12-25,18.62,17.44,18.62,17.02,11865,864万,8.34%,0.81
2001-12-26,17.33,17.72,17.86,16.74,9927,713万,6.44%,0.68
2001-12-27,17.75,17.21,17.94,17.16,7959,578万,4.44%,0.55
2001-12-28,17.19,17.16,17.21,17.02,6295,449万,1.14%,0.43
2001-12-31,17.44,17.52,17.58,17.24,3450,250万,1.96%,0.24
2002-01-04,17.44,17.02,17.49,16.99,3968,284万,2.88%,0.27
2002-01-07,16.90,16.46,16.90,16.23,4459,309万,3.96%,0.31
2002-01-08,16.46,16.17,16.74,16.17,3775,259万,3.41%,0.26
2002-01-09,16.17,15.47,16.32,15.33,6006,397万,6.07%,0.41
2002-01-10,15.30,15.67,15.84,14.88,7351,474万,6.17%,0.5
2002-01-11,15.67,15.00,15.67,15.00,3917,252万,4.30%,0.27
2002-01-14,14.49,13.79,14.49,13.79,8123,495万,4.68%,0.56
2002-01-15,12.19,12.50,13.37,12.13,18991,1058万,8.96%,1.3
2002-01-16,12.50,13.09,13.14,12.50,11191,631万,5.17%,0.77
2002-01-17,13.06,11.71,13.06,11.54,12300,667万,11.58%,0.84
2002-01-18,11.63,11.96,12.36,11.32,16602,879万,8.87%,1.14
2002-01-21,11.91,10.67,11.91,10.51,15650,770万,11.73%,1.07
2002-01-22,10.31,10.36,11.09,10.03,11401,550万,9.99%,0.78
2002-01-23,10.20,11.68,11.68,10.00,17927,888万,16.25%,1.23
2002-01-24,11.54,12.16,12.75,11.01,28326,1516万,14.89%,1.95
2002-01-25,11.68,12.64,12.81,11.68,17538,951万,9.23%,1.2
2002-01-28,12.69,11.09,12.69,11.09,21933,1138万,12.66%,1.51
2002-01-29,10.84,11.77,11.96,10.59,15387,793万,12.40%,1.06
2002-01-30,11.68,12.58,12.98,11.60,27574,1511万,11.69%,1.89
2002-01-31,12.81,13.85,13.93,12.58,42679,2484万,10.71%,2.93
2002-02-01,13.85,13.62,14.01,13.37,26509,1567万,4.66%,1.82
2002-02-04,13.59,14.21,14.43,13.42,17155,1034万,7.42%,1.18
2002-02-05,14.38,14.18,14.49,13.87,26639,1618万,4.35%,1.83
2002-02-06,14.13,13.28,14.18,13.23,20228,1184万,6.73%,1.39
2002-02-07,13.23,13.73,13.93,13.12,13302,782万,6.13%,0.91
2002-02-08,13.82,13.51,13.99,13.48,9391,557万,3.68%,0.65
2002-02-25,13.93,14.01,14.10,13.65,10275,616万,3.32%,0.71
2002-02-26,14.01,15.00,15.02,13.87,25302,1571万,8.21%,1.74
2002-02-27,15.00,14.88,15.14,14.77,18080,1149万,2.43%,1.24
2002-02-28,14.88,14.43,14.91,14.35,14139,882万,3.77%,0.97
2002-03-01,14.35,13.85,14.43,13.82,12731,772万,4.28%,0.87
2002-03-04,13.85,14.35,14.38,13.65,6027,365万,5.27%,0.41
2002-03-05,14.49,14.77,15.00,14.35,15838,995万,4.50%,1.09
2002-03-06,14.83,14.94,15.56,14.77,33930,2187万,5.32%,2.33
2002-03-07,15.02,16.01,16.01,15.02,36891,2425万,6.58%,2.53
2002-03-08,16.17,16.32,16.34,15.64,47971,3237万,4.38%,3.3
2002-03-11,16.60,17.27,17.58,16.43,40066,2851万,7.05%,2.75
2002-03-12,17.27,17.52,18.17,16.60,57692,4187万,9.10%,3.96
2002-03-13,17.61,17.30,18.56,17.19,64256,4770万,7.85%,4.41
2002-03-14,17.30,17.72,17.80,16.74,33250,2380万,6.17%,2.28
2002-03-15,17.86,16.71,18.08,16.68,27979,2008万,7.92%,1.92
2002-03-18,16.99,16.57,17.27,16.23,16369,1141万,6.22%,1.12
2002-03-19,16.60,17.07,17.07,16.40,15761,1101万,4.07%,1.08
2002-03-20,17.13,17.19,17.30,16.76,18550,1319万,3.12%,1.27
2002-03-21,17.35,17.16,17.38,16.96,15866,1133万,2.45%,1.09
2002-03-22,17.41,16.74,17.47,16.65,14673,1037万,4.74%,1.01
2002-03-25,17.13,16.96,17.13,16.71,7804,551万,2.52%,0.54
2002-03-26,17.07,16.51,17.07,16.37,8428,586万,4.14%,0.58
2002-03-27,16.74,16.68,16.74,16.34,6536,452万,2.38%,0.45
2002-03-28,16.88,17.05,17.24,16.57,14229,1013万,4.04%,0.98
2002-03-29,17.19,16.06,17.19,16.03,13243,912万,6.75%,0.91
2002-04-01,16.32,16.23,16.32,15.75,8787,594万,3.49%,0.6
2002-04-02,16.17,15.30,16.32,15.14,14046,921万,7.26%,0.96
2002-04-03,15.28,15.19,15.53,14.97,11367,735万,3.67%,0.78
2002-04-04,15.19,15.92,16.01,14.86,10754,706万,7.57%,0.74
2002-04-05,16.01,15.98,16.37,15.78,11227,758万,3.70%,0.77
2002-04-08,15.89,15.89,16.03,15.70,4045,271万,2.11%,0.28
2002-04-09,15.89,17.21,17.72,15.89,33905,2400万,11.48%,2.33
2002-04-10,17.21,17.05,17.35,16.93,16607,1183万,2.45%,1.14
2002-04-11,17.05,16.54,17.35,16.51,16253,1156万,4.94%,1.12
2002-04-12,16.68,16.71,17.02,16.51,7308,513万,3.05%,0.5
2002-04-15,16.74,16.57,16.93,16.29,7657,528万,3.86%,0.53
2002-04-16,16.46,16.17,16.68,16.06,8161,558万,3.73%,0.56
2002-04-17,16.29,16.46,16.68,16.03,6029,412万,3.99%,0.41
2002-04-18,16.46,15.98,16.60,15.89,7089,481万,4.26%,0.49
2002-04-19,15.89,16.37,16.40,15.61,9008,605万,4.92%,0.62
2002-04-22,16.32,16.57,16.79,15.92,8159,565万,5.31%,0.56
2002-04-23,16.46,16.51,16.71,16.40,5532,384万,1.86%,0.38
2002-04-24,16.46,15.92,16.46,15.92,5705,388万,3.23%,0.39
2002-04-25,15.84,16.06,16.26,15.84,4011,271万,2.64%,0.28
2002-04-26,16.74,16.57,16.93,16.43,5869,407万,3.15%,0.4
2002-04-29,16.65,16.93,17.02,16.54,12763,898万,2.88%,0.88
2002-04-30,16.93,16.90,17.02,16.71,9805,690万,1.82%,0.67
2002-05-08,16.74,16.90,17.13,16.74,6470,458万,2.32%,0.44
2002-05-09,16.79,17.16,17.19,16.79,10186,726万,2.32%,0.7
2002-05-10,17.16,16.82,17.16,16.79,7517,533万,2.13%,0.52
2002-05-13,16.62,16.43,16.68,16.32,7220,498万,2.17%,0.5
2002-05-14,16.37,16.40,16.60,16.37,3197,221万,1.37%,0.22
2002-05-15,16.32,16.15,16.57,16.03,4620,314万,3.25%,0.32
2002-05-16,15.89,15.28,16.03,15.19,10404,687万,5.21%,0.71
2002-05-17,15.19,15.64,15.84,15.19,7666,501万,4.23%,0.53
2002-05-21,15.67,16.29,16.46,15.67,10679,726万,5.02%,0.73
2002-05-22,16.29,15.81,16.37,15.73,4273,288万,3.96%,0.29
2002-05-23,15.84,15.92,16.32,15.84,3624,244万,3.02%,0.25
2002-05-24,15.98,15.50,16.17,15.28,6211,407万,5.64%,0.43
2002-05-27,15.56,15.70,15.98,15.50,2289,151万,3.08%,0.16
2002-05-28,15.78,15.70,15.95,15.64,2110,141万,1.97%,0.14
2002-05-29,15.61,15.19,15.61,15.05,5628,365万,3.58%,0.39
2002-05-30,15.16,15.05,15.33,14.80,4552,290万,3.51%,0.31
2002-05-31,15.02,14.88,15.22,14.86,2864,182万,2.42%,0.2
2002-06-03,14.69,14.46,14.69,14.27,5822,359万,2.83%,0.4
2002-06-04,14.49,14.52,14.63,14.27,5470,339万,2.52%,0.38
2002-06-05,14.35,13.96,14.43,13.93,4705,284万,3.48%,0.32
2002-06-06,13.79,14.86,15.47,13.62,7699,476万,13.27%,0.53
2002-06-07,14.72,14.88,15.19,14.52,7800,496万,4.53%,0.54
2002-06-10,14.55,14.91,14.94,14.55,3887,244万,2.64%,0.27
2002-06-11,14.83,15.36,15.61,14.24,11884,770万,9.22%,0.82
2002-06-12,15.11,15.28,15.33,14.94,4691,302万,2.56%,0.32
2002-06-13,15.28,15.25,15.53,15.02,5799,376万,3.31%,0.4
2002-06-14,15.08,14.63,15.16,14.58,4812,305万,3.87%,0.33
2002-06-17,14.49,14.80,14.97,14.49,3953,249万,3.26%,0.27
2002-06-18,15.00,15.33,15.59,14.80,10328,672万,5.31%,0.71
2002-06-19,15.39,14.91,15.39,14.83,4419,283万,3.66%,0.3
2002-06-20,15.33,15.02,15.33,14.97,4517,291万,2.45%,0.31
2002-06-21,15.05,16.15,16.17,15.05,24754,1647万,7.47%,1.7
2002-06-24,18.06,18.06,18.06,17.33,90975,6754万,4.52%,6.25
2002-06-25,18.50,18.59,19.49,18.14,90161,7008万,7.46%,6.19
2002-06-26,18.31,18.98,19.18,18.14,40014,3093万,5.59%,2.75
2002-06-27,19.21,19.68,20.36,18.98,73312,5940万,7.25%,5.04
2002-06-28,19.71,19.77,20.22,19.23,55911,4504万,4.99%,3.84
2002-07-01,19.77,19.07,19.94,18.76,21239,1677万,5.96%,1.46
2002-07-02,18.98,19.40,19.54,18.87,16068,1271万,3.53%,1.1
2002-07-03,19.74,19.74,19.82,19.21,13740,1097万,3.18%,0.94
2002-07-04,19.63,19.49,19.80,19.46,21285,1706万,1.71%,1.46
2002-07-05,19.49,20.50,20.61,19.26,65426,5340万,6.91%,4.49
2002-07-08,20.50,20.61,20.78,20.24,46998,3918万,2.60%,3.23
2002-07-09,19.91,19.57,20.10,19.32,70192,5650万,3.81%,4.82
2002-07-10,19.54,19.23,19.54,19.15,27339,2163万,2.01%,1.88
2002-07-11,19.12,18.87,19.35,18.42,24926,1935万,4.82%,1.71
2002-07-12,18.84,19.01,19.18,18.79,12278,959万,2.08%,0.84
2002-07-15,18.98,18.45,19.01,18.42,12447,951万,3.10%,0.85
2002-07-16,18.42,18.45,18.79,18.31,9523,728万,2.59%,0.65
2002-07-17,18.45,18.87,18.93,18.39,6796,520万,2.89%,0.47
2002-07-18,18.87,18.87,19.04,18.67,7956,618万,1.93%,0.55
2002-07-19,19.18,18.93,19.18,18.81,4981,388万,1.93%,0.34
2002-07-22,18.84,18.45,18.90,18.36,8826,675万,2.82%,0.61
2002-07-23,18.34,18.31,18.56,18.22,6009,456万,1.83%,0.41
2002-07-24,18.31,18.36,18.50,18.28,4255,323万,1.23%,0.29
2002-07-25,18.50,18.14,18.56,18.11,5327,402万,2.45%,0.37
2002-07-26,18.14,17.83,18.20,17.80,6145,456万,2.17%,0.42
2002-07-29,17.75,17.75,17.80,17.44,6183,451万,2.05%,0.42
2002-07-30,17.75,17.86,18.00,17.44,6337,466万,3.16%,0.44
2002-07-31,17.77,17.58,17.86,17.55,3272,240万,1.73%,0.22
2002-08-01,17.52,17.61,17.63,17.35,4635,337万,1.60%,0.32
2002-08-02,17.55,17.89,17.92,17.55,2818,208万,2.07%,0.19
2002-08-05,17.86,17.75,17.86,17.69,1831,135万,0.94%,0.13
2002-08-06,17.58,18.08,18.31,17.58,4242,317万,4.11%,0.29
2002-08-07,18.08,18.03,18.08,17.89,1823,135万,1.09%,0.13
2002-08-08,18.03,17.66,18.20,17.58,2824,209万,3.43%,0.19
2002-08-09,17.58,17.47,17.69,17.38,4569,332万,1.75%,0.31
2002-08-12,17.44,17.58,17.72,17.16,3638,264万,3.21%,0.25
2002-08-13,17.55,17.61,17.80,17.44,1674,123万,2.08%,0.12
2002-08-14,17.58,17.83,17.86,17.52,1755,129万,1.91%,0.12
2002-08-15,17.69,17.72,18.08,17.69,2493,185万,2.20%,0.17
2002-08-16,17.72,17.86,18.06,17.55,2857,211万,2.85%,0.2
2002-08-19,17.86,17.89,18.03,17.80,2595,193万,1.26%,0.18
2002-08-20,17.92,18.17,18.25,17.89,4282,321万,2.04%,0.29
2002-08-21,18.08,17.94,18.17,17.94,4009,299万,1.24%,0.28
2002-08-22,17.89,18.11,18.28,17.89,4538,340万,2.19%,0.31
2002-08-23,18.56,18.42,18.93,18.36,17325,1333万,3.10%,1.19
2002-08-26,18.42,18.11,18.50,18.08,5609,422万,2.29%,0.39
2002-08-27,18.00,18.03,18.22,17.86,6767,505万,2.01%,0.46
2002-08-28,18.14,18.22,18.36,18.03,3304,249万,1.87%,0.23
2002-08-29,18.42,18.70,19.18,18.42,24153,1873万,4.16%,1.66
2002-08-30,18.70,18.59,18.90,18.50,6764,520万,2.10%,0.46
2002-09-02,18.70,19.29,19.32,18.59,22592,1771万,3.93%,1.55
2002-09-03,19.29,19.35,19.40,19.15,14414,1139万,1.31%,0.99
2002-09-04,19.40,19.09,19.43,19.01,13067,1026万,2.18%,0.9
2002-09-05,19.04,18.59,19.04,18.50,11838,911万,2.79%,0.81
2002-09-06,18.45,18.56,18.76,18.28,7374,563万,2.57%,0.51
2002-09-09,18.42,18.76,18.79,18.28,5953,456万,2.72%,0.41
2002-09-10,18.84,18.62,18.90,18.45,5175,397万,2.39%,0.36
2002-09-11,18.59,18.14,18.62,17.80,8858,664万,4.37%,0.61
2002-09-12,18.36,18.17,18.36,17.94,2871,215万,2.32%,0.2
2002-09-13,18.00,18.34,18.53,18.00,4020,304万,2.94%,0.28
2002-09-16,18.08,17.77,18.22,17.72,4785,354万,2.76%,0.33
2002-09-17,17.80,17.58,18.00,17.35,5136,375万,3.63%,0.35
2002-09-18,17.52,17.55,17.80,17.49,2223,162万,1.76%,0.15
2002-09-19,17.47,18.17,18.25,17.44,4559,337万,4.64%,0.31
2002-09-20,18.17,18.00,18.17,17.72,3627,270万,2.47%,0.25
2002-09-23,17.77,18.00,18.11,17.77,1508,112万,1.87%,0.1
2002-09-24,18.08,17.86,18.11,17.72,1959,145万,2.18%,0.13
2002-09-25,17.80,17.72,18.00,17.66,2692,199万,1.89%,0.18
2002-09-26,17.80,17.69,18.14,17.69,3242,240万,2.53%,0.22
2002-09-27,17.66,17.75,18.42,17.63,4010,297万,4.44%,0.28
2002-10-08,17.52,17.61,17.94,17.52,2831,208万,2.37%,0.19
2002-10-09,17.63,16.15,17.66,16.03,7244,508万,9.25%,0.5
2002-10-10,16.15,16.20,16.43,16.06,3924,268万,2.26%,0.27
2002-10-11,16.23,16.09,16.48,16.06,2089,143万,2.60%,0.14
2002-10-14,16.06,16.12,16.20,15.61,3205,215万,3.66%,0.22
2002-10-15,15.33,15.22,15.78,15.05,11682,759万,4.53%,0.8
2002-10-16,15.22,15.56,15.70,15.22,6423,422万,3.13%,0.44
2002-10-17,15.67,15.25,15.70,15.19,2610,169万,3.25%,0.18
2002-10-18,15.19,15.30,15.33,14.77,3198,206万,3.68%,0.22
2002-10-21,15.36,15.30,15.36,15.05,1527,98.5万,2.02%,0.1
2002-10-22,15.33,15.75,15.75,15.33,7918,522万,2.75%,0.54
2002-10-23,15.75,15.64,15.84,15.47,4518,299万,2.32%,0.31
2002-10-24,15.56,15.53,15.78,15.50,2428,160万,1.79%,0.17
2002-10-25,15.53,15.05,15.73,14.97,3246,211万,4.88%,0.22
2002-10-28,14.88,15.05,15.33,14.83,3230,207万,3.36%,0.22
2002-10-29,14.77,15.11,15.19,14.77,2302,146万,2.80%,0.16
2002-10-30,15.05,15.11,15.19,14.91,1992,127万,1.86%,0.14
2002-10-31,15.11,15.00,15.33,14.94,1534,98.7万,2.60%,0.11
2002-11-01,15.02,15.14,15.19,14.77,1623,104万,2.81%,0.11
2002-11-04,15.33,15.59,15.61,15.25,2707,177万,2.41%,0.19
2002-11-05,15.61,15.84,15.95,15.61,7255,485万,2.16%,0.5
2002-11-06,15.87,15.70,15.89,15.61,3149,209万,1.77%,0.22
2002-11-07,15.67,15.87,16.01,15.67,2488,166万,2.15%,0.17
2002-11-08,15.89,15.16,16.12,15.00,5718,374万,7.08%,0.39
2002-11-11,15.16,14.74,15.25,14.49,3497,220万,5.00%,0.24
2002-11-12,14.63,14.07,14.77,13.93,6655,406万,5.71%,0.46
2002-11-13,14.10,13.93,14.15,13.56,6715,400万,4.19%,0.46
2002-11-14,14.07,13.37,14.07,13.37,5444,320万,5.04%,0.37
2002-11-15,13.26,13.40,13.93,13.14,5042,295万,5.88%,0.35
2002-11-18,13.37,13.00,13.62,12.81,4095,233万,6.08%,0.28
2002-11-19,13.00,13.23,13.40,12.86,2440,139万,4.10%,0.17
2002-11-20,12.83,12.75,13.12,12.67,4143,233万,3.39%,0.28
2002-11-21,12.75,11.82,12.81,11.77,4417,239万,8.14%,0.3
2002-11-22,11.85,11.94,12.39,11.40,7274,383万,8.31%,0.5
2002-11-25,11.82,12.16,12.30,11.68,4022,214万,5.17%,0.28
2002-11-26,12.16,11.71,12.39,11.60,4709,251万,6.46%,0.32
2002-11-27,11.68,12.22,12.39,11.63,4636,247万,6.47%,0.32
2002-11-28,12.22,12.98,13.09,12.02,7169,395万,8.73%,0.49
2002-11-29,13.03,13.09,13.37,12.72,11663,666万,4.98%,0.8
2002-12-02,12.83,12.41,12.98,12.39,5842,325万,4.50%,0.4
2002-12-03,12.25,12.69,12.72,12.25,2236,123万,3.84%,0.15
2002-12-04,12.75,12.69,13.03,12.64,3940,221万,3.10%,0.27
2002-12-05,12.69,12.47,12.69,12.30,3279,180万,3.10%,0.23
2002-12-06,12.47,12.36,12.67,12.22,2898,158万,3.60%,0.2
2002-12-09,12.39,12.47,12.53,12.27,2367,129万,2.04%,0.16
2002-12-10,12.47,12.67,12.83,12.47,9762,542万,2.93%,0.67
2002-12-11,12.50,12.41,12.53,12.11,4056,220万,3.32%,0.28
2002-12-12,12.41,12.47,12.69,12.27,2638,145万,3.39%,0.18
2002-12-13,12.27,12.78,12.98,12.13,3950,218万,6.75%,0.27
2002-12-16,12.78,12.98,13.03,12.58,5083,286万,3.51%,0.35
2002-12-17,12.81,13.00,13.17,12.78,4171,236万,3.03%,0.29
2002-12-18,12.81,12.81,13.09,12.78,4497,254万,2.37%,0.31
2002-12-19,12.75,12.83,12.89,12.64,3669,205万,1.97%,0.25
2002-12-20,13.06,13.17,13.26,12.81,6191,353万,3.50%,0.43
2002-12-23,13.28,13.26,13.51,13.23,9114,528万,2.13%,0.63
2002-12-24,13.23,13.62,13.65,12.95,7077,409万,5.29%,0.49
2002-12-25,13.62,13.59,13.87,13.54,10334,610万,2.47%,0.71
2002-12-26,13.59,12.55,13.59,12.53,14296,810万,7.85%,0.98
2002-12-27,12.39,12.61,12.78,12.25,5788,318万,4.25%,0.4
2002-12-30,12.58,12.41,12.75,12.13,7681,418万,4.90%,0.53
2002-12-31,12.53,11.96,12.64,11.94,7598,413万,5.65%,0.52
2003-01-02,11.94,11.94,12.13,11.63,4207,222万,4.22%,0.29
2003-01-03,11.94,12.47,12.75,11.94,14815,811万,6.82%,1.02
2003-01-06,12.25,12.58,12.67,12.05,6618,361万,4.95%,0.45
2003-01-07,12.53,12.50,12.95,12.39,5878,324万,4.46%,0.4
2003-01-08,12.50,13.03,13.03,12.39,7923,442万,5.17%,0.54
2003-01-09,13.03,13.26,13.37,12.81,13851,788万,4.31%,0.95
2003-01-10,13.23,12.81,13.45,12.81,8840,505万,4.87%,0.61
2003-01-13,12.81,12.81,12.98,12.55,4591,256万,3.29%,0.32
2003-01-14,12.75,13.54,13.90,12.75,19629,1145万,8.99%,1.35
2003-01-15,13.62,13.42,13.90,13.17,15049,881万,5.39%,1.03
2003-01-16,13.42,13.79,13.87,13.23,14142,835万,4.81%,0.97
2003-01-17,13.87,13.59,13.99,13.54,10586,627万,3.26%,0.73
2003-01-20,13.65,14.29,14.35,13.37,24443,1476万,7.23%,1.68
2003-01-21,14.43,13.93,14.63,13.90,31711,1950万,5.11%,2.18
2003-01-22,13.87,14.46,14.63,13.73,19671,1201万,6.45%,1.35
2003-01-23,14.49,14.07,14.55,13.96,11997,732万,4.08%,0.82
2003-01-24,14.07,14.24,14.27,13.79,9444,570万,3.39%,0.65
2003-01-28,14.52,14.29,14.60,14.21,9119,561万,2.76%,0.63
2003-01-29,14.27,14.04,14.29,13.93,10581,641万,2.55%,0.73
2003-02-10,14.01,13.59,14.04,13.54,6152,364万,3.60%,0.42
2003-02-11,13.54,13.82,13.85,13.45,3152,186万,2.89%,0.22
2003-02-12,13.82,14.21,14.27,13.68,9409,568万,4.27%,0.65
2003-02-13,14.15,13.93,14.32,13.90,12846,777万,2.96%,0.88
2003-02-14,13.76,13.90,14.04,13.76,5492,329万,2.01%,0.38
2003-02-17,13.87,14.13,14.15,13.82,5987,361万,2.42%,0.41
2003-02-18,14.10,14.21,14.43,14.10,10642,651万,2.38%,0.73
2003-02-19,14.21,14.32,14.38,14.10,8038,491万,1.98%,0.55
2003-02-20,14.27,14.13,14.35,14.01,5676,346万,2.35%,0.39
2003-02-21,14.15,13.59,14.15,13.54,8337,494万,4.37%,0.57
2003-02-24,13.59,13.59,13.79,13.54,4358,257万,1.86%,0.3
2003-02-25,13.71,13.90,13.93,13.59,4642,277万,2.48%,0.32
2003-02-26,13.93,13.82,13.99,13.71,3852,229万,2.02%,0.26
2003-02-27,13.90,13.76,13.93,13.65,4567,271万,2.03%,0.31
2003-02-28,13.65,13.62,13.71,13.56,3981,235万,1.02%,0.27
2003-03-03,13.65,13.71,13.85,13.54,4947,292万,2.27%,0.34
2003-03-04,13.85,13.71,13.85,13.65,2963,175万,1.43%,0.2
2003-03-05,13.65,13.48,13.65,13.37,4750,277万,2.05%,0.33
2003-03-06,13.48,13.06,13.54,13.03,6125,352万,3.75%,0.42
2003-03-07,13.06,13.06,13.26,13.03,4109,234万,1.72%,0.28
2003-03-10,13.14,12.67,13.14,12.67,4577,256万,3.65%,0.31
2003-03-11,12.67,12.67,12.81,12.55,3237,180万,1.99%,0.22
2003-03-12,12.75,12.69,12.81,12.50,7120,393万,2.44%,0.49
2003-03-13,12.69,12.36,12.69,12.33,10531,575万,2.87%,0.72
2003-03-14,12.36,12.47,12.58,12.36,3698,203万,1.82%,0.25
2003-03-17,12.47,12.58,12.58,12.27,3859,210万,2.48%,0.27
2003-03-18,12.61,12.47,12.81,12.39,4757,264万,3.35%,0.33
2003-03-19,12.30,12.50,12.61,12.30,2909,159万,2.48%,0.2
2003-03-21,12.67,13.09,13.14,12.55,16201,918万,4.72%,1.11
2003-03-24,12.98,13.00,13.09,12.81,4410,249万,2.14%,0.3
2003-03-25,12.83,12.67,12.89,12.64,3638,203万,1.94%,0.25
2003-03-26,12.55,12.47,12.72,12.41,3462,191万,2.44%,0.24
2003-03-27,12.39,12.92,13.00,12.25,4362,242万,6.08%,0.3
2003-03-28,12.95,12.81,13.00,12.69,6598,370万,2.39%,0.45
2003-03-31,12.81,12.89,12.89,12.67,4623,259万,1.75%,0.32
2003-04-01,12.81,12.89,13.03,12.75,1679,94.4万,2.18%,0.12
2003-04-02,13.03,12.86,13.12,12.83,4472,253万,2.18%,0.31
2003-04-03,13.09,12.89,13.23,12.83,4521,257万,3.05%,0.31
2003-04-04,12.81,12.61,12.92,12.61,2874,160万,2.40%,0.2
2003-04-07,12.69,12.39,12.69,12.36,6743,371万,2.67%,0.46
2003-04-08,12.47,12.39,12.53,12.25,6288,342万,2.27%,0.43
2003-04-09,12.41,12.41,12.53,11.80,10385,557万,5.89%,0.71
2003-04-10,12.47,12.39,12.81,11.12,12194,663万,13.57%,0.84
2003-04-11,12.39,12.41,12.53,12.05,12383,668万,3.85%,0.85
2003-04-14,12.41,13.37,13.37,12.33,22642,1271万,8.37%,1.56
2003-04-15,13.51,13.09,13.54,13.06,16515,948万,3.57%,1.13
2003-04-16,13.09,12.47,13.14,12.39,16319,909万,5.79%,1.12
2003-04-17,12.47,12.64,12.72,12.30,9514,522万,3.38%,0.65
2003-04-18,12.75,12.64,12.81,12.39,6856,378万,3.33%,0.47
2003-04-21,12.55,12.67,12.78,12.50,9380,519万,2.22%,0.64
2003-04-22,12.75,12.22,12.75,12.19,11261,615万,4.43%,0.77
2003-04-23,11.96,12.02,12.22,11.68,8063,428万,4.36%,0.55
2003-04-24,12.02,11.49,12.02,11.49,8952,466万,4.44%,0.61
2003-04-25,11.49,11.29,11.66,11.29,5119,261万,3.18%,0.35
2003-04-28,11.15,11.09,11.29,10.70,13595,673万,5.22%,0.93
2003-04-29,11.09,11.18,11.35,10.81,10277,511万,4.81%,0.71
2003-04-30,11.38,11.26,11.80,11.24,6127,313万,5.02%,0.42
2003-05-12,11.24,10.84,11.24,10.81,7499,370万,3.74%,0.52
2003-05-13,10.81,10.08,10.84,9.94,11835,553万,8.28%,0.81
2003-05-14,10.00,10.42,10.51,9.97,4660,220万,5.29%,0.32
2003-05-15,10.42,10.76,10.87,10.14,9813,469万,7.00%,0.67
2003-05-16,10.73,11.21,11.24,10.56,12918,632万,6.26%,0.89
2003-05-19,11.12,11.21,11.40,11.12,10243,516万,2.50%,0.7
2003-05-20,11.18,10.98,11.18,10.84,6961,343万,3.01%,0.48
2003-05-21,10.95,11.07,11.24,10.95,4219,210万,2.56%,0.29
2003-05-22,10.98,11.40,11.40,10.84,8435,424万,5.07%,0.58
2003-05-26,11.54,12.02,12.11,11.24,25987,1361万,7.63%,1.78
2003-05-27,12.08,11.85,12.25,11.82,27266,1446万,3.50%,1.87
2003-05-28,11.91,11.71,12.02,11.68,9171,482万,2.84%,0.63
2003-05-29,11.46,11.85,11.85,11.46,4522,235万,3.36%,0.31
2003-05-30,12.08,11.94,12.11,11.85,6619,351万,2.13%,0.45
2003-06-02,11.99,11.80,12.02,11.74,4503,236万,2.35%,0.31
2003-06-03,11.91,11.71,11.91,11.63,4195,218万,2.38%,0.29
2003-06-04,11.68,11.71,11.74,11.46,5554,286万,2.40%,0.38
2003-06-05,11.68,11.43,11.68,11.40,5291,272万,2.40%,0.36
2003-06-06,11.43,11.21,11.46,11.18,5191,263万,2.46%,0.36
2003-06-09,11.21,11.07,11.21,11.01,3490,174万,1.75%,0.24
2003-06-10,11.07,11.18,11.26,11.07,2858,143万,1.78%,0.2
2003-06-11,11.15,11.38,11.52,11.15,4506,229万,3.26%,0.31
2003-06-12,11.40,11.24,11.43,11.15,4038,204万,2.47%,0.28
2003-06-13,11.24,11.38,11.38,11.18,3592,182万,1.75%,0.25
2003-06-16,11.49,11.85,11.88,11.40,11467,597万,4.19%,0.79
2003-06-17,11.82,11.54,11.82,11.49,3929,204万,2.84%,0.27
2003-06-18,11.57,11.52,11.68,11.49,3318,171万,1.70%,0.23
2003-06-19,11.54,11.24,11.57,11.15,4384,222万,3.66%,0.3
2003-06-20,11.18,11.24,11.35,11.18,2051,104万,1.50%,0.14
2003-06-23,11.24,11.07,11.26,11.07,3457,173万,1.75%,0.24
2003-06-24,11.12,11.12,11.18,11.04,1630,81.3万,1.27%,0.11
2003-06-25,11.15,10.90,11.29,10.67,3436,171万,5.55%,0.24
2003-06-26,10.98,10.95,10.98,10.67,3516,172万,2.83%,0.24
2003-06-27,10.98,10.65,10.98,10.59,3245,158万,3.59%,0.22
2003-07-01,10.51,10.48,10.67,10.45,2846,136万,2.11%,0.2
2003-07-02,10.48,10.62,10.67,10.45,2636,126万,2.14%,0.18
2003-07-03,10.56,10.76,10.76,10.48,2491,120万,2.64%,0.17
2003-07-04,10.76,10.59,10.76,10.59,1407,68.0万,1.57%,0.1
2003-07-07,10.73,10.53,10.76,10.48,1584,75.9万,2.65%,0.11
2003-07-08,10.56,10.79,10.79,10.51,1967,94.8万,2.66%,0.14
2003-07-09,10.73,10.56,10.76,10.53,1500,72.3万,2.08%,0.1
2003-07-10,10.59,10.76,10.79,10.51,3612,175万,2.66%,0.25
2003-07-11,10.79,10.73,10.79,10.59,1898,91.9万,1.83%,0.13
2003-07-14,10.73,10.56,10.73,10.51,1405,67.6万,2.09%,0.1
2003-07-15,10.56,10.51,10.62,10.45,2682,128万,1.59%,0.18
2003-07-16,10.51,10.56,10.59,10.48,1635,78.3万,1.07%,0.11
2003-07-17,10.56,10.51,10.59,10.45,3572,171万,1.33%,0.25
2003-07-18,10.56,10.25,10.56,10.14,4035,190万,4.01%,0.28
2003-07-21,10.22,9.92,10.22,9.80,5880,270万,4.11%,0.4
2003-07-22,10.00,10.14,10.14,9.89,2914,134万,2.55%,0.2
2003-07-23,10.11,10.22,10.28,10.03,2199,102万,2.49%,0.15
2003-07-24,10.28,10.25,10.28,10.11,2464,115万,1.65%,0.17
2003-07-25,10.25,10.11,10.25,9.97,1832,84.8万,2.74%,0.13
2003-07-28,10.11,10.56,10.65,10.06,9199,437万,5.83%,0.63
2003-07-29,10.53,10.48,10.59,10.42,5701,273万,1.59%,0.39
2003-07-30,10.42,10.20,10.53,10.20,2760,130万,3.21%,0.19
2003-07-31,10.17,10.17,10.22,10.08,1817,84.5万,1.38%,0.12
2003-08-01,10.17,10.08,10.20,9.83,2172,99.8万,3.59%,0.15
2003-08-04,10.06,10.28,10.36,10.03,1561,72.9万,3.34%,0.11
2003-08-05,10.22,10.28,10.34,10.14,2452,115万,1.91%,0.17
2003-08-06,10.28,10.42,10.42,10.06,2960,139万,3.55%,0.2
2003-08-07,10.28,10.42,10.45,10.22,2493,118万,2.15%,0.17
2003-08-08,10.42,10.14,10.53,10.06,3646,171万,4.58%,0.25
2003-08-11,10.08,10.14,10.20,9.97,1610,74.6万,2.21%,0.11
2003-08-12,10.11,10.31,10.34,10.08,1170,54.7万,2.49%,0.08
2003-08-13,10.17,10.08,10.20,10.06,952,44.2万,1.36%,0.07
2003-08-14,10.14,10.03,10.14,9.89,1399,64.5万,2.50%,0.1
2003-08-15,10.00,9.94,10.14,9.92,1271,58.3万,2.24%,0.09
2003-08-18,9.94,10.03,10.14,9.94,691,31.8万,1.98%,0.05
2003-08-19,10.17,10.00,10.20,9.94,1231,56.7万,2.52%,0.08
2003-08-20,10.03,10.03,10.03,9.94,1174,53.9万,0.84%,0.08
2003-08-21,9.94,10.00,10.03,9.92,1082,49.6万,1.12%,0.07
2003-08-22,9.94,10.08,10.11,9.92,1499,68.9万,1.96%,0.1
2003-08-25,10.11,9.92,10.14,9.86,1521,69.5万,2.78%,0.1
2003-08-26,10.03,9.86,10.03,9.80,942,43.1万,2.26%,0.06
2003-08-27,9.89,9.97,9.97,9.86,1326,60.6万,1.14%,0.09
2003-08-28,9.94,10.25,10.42,9.94,5712,267万,4.78%,0.39
2003-08-29,10.14,10.48,10.53,10.00,7755,367万,5.20%,0.53
2003-09-01,10.51,10.93,11.09,10.42,20454,1005万,6.43%,1.4
2003-09-02,10.90,11.01,11.07,10.62,15448,756万,4.11%,1.06
2003-09-03,11.01,11.12,11.24,10.81,14467,720万,3.82%,0.99
2003-09-04,11.12,10.87,11.24,10.84,8262,410万,3.53%,0.57
2003-09-05,10.79,11.40,11.66,10.67,25581,1289万,9.04%,1.76
2003-09-08,11.40,11.82,12.39,11.32,51743,2737万,9.35%,3.55
2003-09-09,11.85,11.80,11.85,11.46,14424,746万,3.32%,0.99
2003-09-10,11.80,11.49,11.82,11.21,15719,805万,5.23%,1.08
2003-09-11,11.40,11.01,11.49,10.98,11178,562万,4.40%,0.77
2003-09-12,10.90,10.73,11.18,10.70,8244,405万,4.33%,0.57
2003-09-15,10.70,10.76,10.95,10.59,5729,278万,3.40%,0.39
2003-09-16,10.76,10.90,11.01,10.65,5413,265万,3.39%,0.37
2003-09-17,10.81,10.79,10.95,10.73,3680,180万,2.06%,0.25
2003-09-18,10.65,11.07,11.12,10.65,7971,396万,4.42%,0.55
2003-09-19,11.07,11.18,11.24,10.79,6963,345万,4.06%,0.48
2003-09-22,11.18,11.29,11.32,11.07,6215,313万,2.26%,0.43
2003-09-23,11.29,11.38,11.38,11.12,4766,241万,2.24%,0.33
2003-09-24,11.38,11.15,11.38,11.07,5429,272万,2.71%,0.37
2003-09-25,11.12,10.79,11.12,10.73,4503,220万,3.52%,0.31
2003-09-26,10.73,10.39,10.76,10.39,5138,246万,3.38%,0.35
2003-09-29,10.31,10.25,10.42,10.03,3682,172万,3.78%,0.25
2003-09-30,10.14,10.31,10.48,10.14,2939,138万,3.29%,0.2
2003-10-08,10.31,10.28,10.36,10.11,2481,116万,2.45%,0.17
2003-10-09,10.28,10.11,10.31,10.08,3171,148万,2.18%,0.22
2003-10-10,10.08,10.56,10.59,9.97,5091,240万,6.11%,0.35
2003-10-13,10.56,10.45,10.79,10.42,2947,142万,3.45%,0.2
2003-10-14,10.42,10.42,10.81,10.39,4069,196万,4.03%,0.28
2003-10-15,10.42,10.28,10.62,10.22,2499,119万,3.77%,0.17
2003-10-16,10.22,10.08,10.28,10.06,2492,116万,2.18%,0.17
2003-10-17,10.08,10.17,10.22,10.08,1649,76.8万,1.39%,0.11
2003-10-20,10.17,9.97,10.22,9.92,2850,132万,3.04%,0.2
2003-10-21,10.00,9.94,10.03,9.83,3863,176万,1.97%,0.27
2003-10-22,9.94,10.28,10.36,9.86,5097,237万,5.08%,0.35
2003-10-23,10.28,10.06,10.31,10.06,3234,151万,2.46%,0.22
2003-10-24,10.00,10.06,10.11,9.94,2576,119万,1.67%,0.18
2003-10-27,10.06,9.52,10.06,9.44,6936,311万,6.14%,0.48
2003-10-28,9.52,9.58,9.72,9.44,3335,148万,2.95%,0.23
2003-10-29,9.44,9.24,9.61,9.05,5450,237万,5.86%,0.37
2003-10-30,9.24,8.88,9.24,8.82,4227,178万,4.56%,0.29
2003-10-31,8.85,8.96,9.16,8.77,2991,126万,4.43%,0.21
2003-11-03,8.93,9.07,9.10,8.79,2617,110万,3.45%,0.18
2003-11-04,9.05,9.13,9.47,8.88,6306,271万,6.50%,0.43
2003-11-05,9.02,8.88,9.13,8.82,4315,182万,3.38%,0.3
2003-11-06,8.99,8.32,8.99,8.23,11417,460万,8.54%,0.78
2003-11-07,8.23,8.48,8.51,8.23,4528,181万,3.38%,0.31
2003-11-10,8.51,8.29,8.51,8.26,1745,69.8万,2.98%,0.12
2003-11-11,8.29,8.62,8.74,8.29,4223,172万,5.42%,0.29
2003-11-12,8.46,8.37,8.48,8.32,3199,129万,1.95%,0.22
2003-11-13,8.34,8.40,8.54,8.32,2057,82.9万,2.68%,0.14
2003-11-14,8.40,8.57,8.57,8.32,2867,116万,3.01%,0.2
2003-11-17,8.57,8.77,8.79,8.40,4571,188万,4.59%,0.31
2003-11-18,8.74,8.51,8.74,8.48,2105,86.3万,2.88%,0.14
2003-11-19,8.48,8.71,8.74,8.48,3552,147万,2.97%,0.24
2003-11-20,8.71,9.21,9.24,8.57,16298,698万,7.73%,1.12
2003-11-21,9.16,8.88,9.21,8.82,8829,375万,4.26%,0.61
2003-11-24,8.82,9.33,9.35,8.71,7853,337万,7.27%,0.54
2003-11-25,9.33,9.49,9.66,9.24,15086,665万,4.51%,1.04
2003-11-26,9.44,9.30,9.61,9.24,7681,336万,3.84%,0.53
2003-11-27,9.33,8.91,9.41,8.88,8056,344万,5.74%,0.55
2003-11-28,8.82,8.99,9.10,8.82,5194,220万,3.15%,0.36
2003-12-01,9.10,9.72,9.75,8.91,13800,606万,9.37%,0.95
2003-12-02,9.72,9.66,9.72,9.49,12538,559万,2.31%,0.86
2003-12-03,9.66,9.80,9.92,9.58,10691,481万,3.49%,0.73
2003-12-04,9.83,9.86,9.89,9.58,8953,403万,3.15%,0.61
2003-12-05,10.87,11.15,11.15,10.87,61550,3081万,2.85%,4.23
2003-12-08,10.79,10.34,10.84,10.14,41137,1953万,6.29%,2.83
2003-12-09,10.28,10.14,10.28,9.94,22284,1030万,3.26%,1.53
2003-12-10,10.14,10.20,10.25,10.00,17091,795万,2.49%,1.17
2003-12-11,10.22,10.14,10.28,10.00,11447,531万,2.75%,0.79
2003-12-12,10.14,10.17,10.31,10.08,10552,492万,2.21%,0.72
2003-12-15,10.22,10.14,10.31,10.11,6852,320万,1.93%,0.47
2003-12-16,10.14,9.89,10.22,9.58,13694,619万,6.37%,0.94
2003-12-17,9.94,9.58,9.94,9.58,8495,383万,3.69%,0.58
2003-12-18,9.47,9.38,9.61,9.21,7794,341万,4.10%,0.54
2003-12-19,9.38,8.74,9.44,8.65,12704,533万,8.38%,0.87
2003-12-22,8.74,9.27,9.30,8.65,8664,365万,7.39%,0.6
2003-12-23,9.27,9.30,9.38,8.93,7989,343万,4.84%,0.55
2003-12-24,9.30,9.58,9.78,9.30,11450,510万,5.13%,0.79
2003-12-25,9.58,9.24,9.58,9.07,8731,378万,5.27%,0.6
2003-12-26,9.16,9.24,9.30,9.05,3987,171万,2.73%,0.27
2003-12-29,9.24,8.96,9.24,8.96,5341,227万,3.04%,0.37
2003-12-30,8.91,9.10,9.13,8.85,3058,130万,3.13%,0.21
2003-12-31,9.10,8.91,9.10,8.82,4991,210万,3.08%,0.34
2004-01-02,8.82,9.02,9.02,8.77,4781,201万,2.84%,0.33
2004-01-05,9.02,8.93,9.16,8.82,7488,315万,3.73%,0.51
2004-01-06,8.99,8.71,8.99,8.54,13790,571万,5.03%,0.95
2004-01-07,8.74,8.93,9.02,8.65,9212,386万,4.19%,0.63
2004-01-08,8.93,9.13,9.30,8.74,11242,477万,6.28%,0.77
2004-01-09,9.21,9.38,9.72,8.88,18921,822万,9.22%,1.3
2004-01-12,9.21,9.33,9.55,9.13,11426,498万,4.49%,0.78
2004-01-13,9.38,9.38,9.44,9.13,11369,494万,3.31%,0.78
2004-01-14,9.41,9.49,9.52,9.24,7887,345万,2.99%,0.54
2004-01-15,10.06,9.41,10.06,9.38,11028,491万,7.09%,0.76
2004-01-16,9.38,9.30,9.49,9.16,9565,414万,3.58%,0.66
2004-01-29,9.38,9.78,9.83,9.30,11563,516万,5.74%,0.79
2004-01-30,9.78,9.80,9.94,9.61,15628,709万,3.45%,1.07
2004-02-02,9.94,10.06,10.11,9.66,17355,794万,4.58%,1.19
2004-02-03,10.06,10.20,10.22,9.86,16771,776万,3.63%,1.15
2004-02-04,10.22,10.42,10.42,10.08,20955,984万,3.30%,1.44
2004-02-05,10.39,10.93,10.98,10.25,34733,1684万,7.00%,2.39
2004-02-06,10.90,10.34,10.90,10.31,23715,1143万,5.39%,1.63
2004-02-09,10.34,10.84,11.12,10.28,26862,1314万,8.15%,1.85
2004-02-10,10.87,10.76,11.01,10.59,19918,972万,3.88%,1.37
2004-02-11,10.84,11.32,11.40,10.65,35465,1758万,7.04%,2.44
2004-02-12,11.24,11.18,11.29,10.95,31448,1571万,2.98%,2.16
2004-02-13,11.18,10.70,11.32,10.70,18518,915万,5.52%,1.27
2004-02-16,10.70,10.95,10.98,10.67,12505,612万,2.88%,0.86
2004-02-17,10.95,11.15,11.26,10.84,19174,955万,3.84%,1.32
2004-02-18,11.15,11.09,11.18,10.95,17668,878万,2.01%,1.21
2004-02-19,11.09,11.35,11.35,11.04,28295,1426万,2.78%,1.94
2004-02-20,11.40,11.60,11.63,11.26,31756,1622万,3.22%,2.18
2004-02-23,11.68,11.12,11.80,11.12,28758,1481万,5.81%,1.98
2004-02-24,11.07,10.95,11.12,10.62,21515,1054万,4.54%,1.48
2004-02-25,10.98,10.53,11.15,10.45,16946,832万,6.41%,1.16
2004-02-26,10.51,10.87,10.93,10.28,20566,988万,6.13%,1.41
2004-02-27,10.70,11.15,11.18,10.67,22747,1126万,4.65%,1.56
2004-03-01,11.66,11.57,11.68,11.18,70807,3648万,4.53%,4.86
2004-03-02,11.57,11.60,11.68,11.40,32967,1697万,2.43%,2.26
2004-03-03,11.52,11.52,11.88,11.46,35049,1821万,3.63%,2.41
2004-03-04,11.43,11.46,11.52,11.04,19775,996万,4.14%,1.36
2004-03-05,11.46,11.21,11.52,11.12,11691,589万,3.43%,0.8
2004-03-08,11.15,10.67,11.21,10.65,11760,578万,5.01%,0.81
2004-03-09,10.65,10.48,10.84,10.45,9071,438万,3.68%,0.62
2004-03-10,10.45,10.76,10.79,10.42,7132,343万,3.48%,0.49
2004-03-11,10.76,10.84,10.90,10.62,8389,410万,2.61%,0.58
2004-03-12,10.90,10.70,10.90,10.56,8165,397万,3.11%,0.56
2004-03-15,10.65,10.95,10.98,10.65,10301,505万,3.15%,0.71
2004-03-16,10.95,11.09,11.15,10.95,10889,541万,1.79%,0.75
2004-03-17,11.26,11.15,11.29,11.01,11030,552万,2.53%,0.76
2004-03-18,11.15,10.84,11.15,10.84,11023,548万,2.77%,0.76
2004-03-19,10.87,11.12,11.15,10.87,10287,512万,2.59%,0.71
2004-03-22,11.12,11.35,11.38,10.95,15204,764万,3.79%,1.04
2004-03-23,11.32,11.26,11.32,11.12,10446,525万,1.73%,0.72
2004-03-24,11.18,11.18,11.35,11.09,9377,472万,2.24%,0.64
2004-03-25,11.09,11.04,11.24,10.98,6379,318万,2.26%,0.44
2004-03-26,11.04,10.90,11.04,10.84,7945,392万,1.78%,0.55
2004-03-29,10.90,10.79,10.95,10.73,6833,334万,2.06%,0.47
2004-03-30,10.84,10.87,10.87,10.73,5720,280万,1.30%,0.39
2004-03-31,10.95,11.15,11.32,10.87,13563,680万,4.13%,0.93
2004-04-01,11.26,11.21,11.32,11.07,11836,596万,2.27%,0.81
2004-04-02,11.26,11.35,11.35,11.12,16132,815万,2.00%,1.11
2004-04-05,11.29,11.43,11.43,11.12,19404,979万,2.72%,1.33
2004-04-06,11.40,11.57,11.63,11.21,23365,1199万,3.68%,1.6
2004-04-07,11.63,11.46,11.63,11.40,16116,826万,1.94%,1.11
2004-04-08,11.63,11.71,12.11,11.63,56583,2979万,4.16%,3.89
2004-04-09,11.71,11.29,11.80,11.18,22129,1134万,5.27%,1.52
2004-04-12,11.26,11.38,11.46,11.12,11651,589万,2.98%,0.8
2004-04-13,11.38,11.49,11.68,11.38,15878,818万,2.71%,1.09
2004-04-14,11.54,11.24,11.54,11.07,11821,595万,4.15%,0.81
2004-04-15,11.26,11.52,11.63,11.26,24215,1242万,3.25%,1.66
2004-04-16,11.68,11.96,12.05,11.49,71553,3755万,4.87%,4.91
2004-04-19,12.02,11.71,12.08,11.68,24140,1267万,3.28%,1.66
2004-04-20,11.74,11.57,11.74,11.24,14877,759万,4.31%,1.02
2004-04-21,11.57,11.38,11.66,11.29,7796,397万,3.15%,0.54
2004-04-22,11.40,11.35,11.40,11.18,7631,386万,1.97%,0.52
2004-04-23,11.38,10.62,11.38,10.53,19728,969万,7.42%,1.36
2004-04-26,10.65,10.56,10.76,10.45,8756,421万,2.91%,0.6
2004-04-27,10.56,10.59,10.79,10.56,5656,273万,2.13%,0.39
2004-04-28,10.59,10.28,10.59,10.00,7517,353万,5.57%,0.52
2004-04-29,10.22,10.11,10.53,10.11,5037,236万,4.10%,0.35
2004-04-30,10.28,10.28,10.42,10.08,3583,168万,3.33%,0.25
2004-05-10,10.31,9.83,10.39,9.80,3569,165万,5.73%,0.25
2004-05-11,9.83,9.66,9.86,9.38,6275,279万,4.85%,0.43
2004-05-12,9.66,10.06,10.11,9.47,7671,346万,6.68%,0.53
2004-05-13,10.03,9.80,10.03,9.78,4203,191万,2.51%,0.29
2004-05-14,9.86,9.83,9.92,9.52,5352,240万,4.01%,0.37
2004-05-17,9.72,9.80,9.83,9.58,3908,176万,2.57%,0.27
2004-05-18,9.69,10.03,10.03,9.69,3672,167万,3.44%,0.25
2004-05-19,9.86,9.89,10.14,9.86,4516,208万,2.80%,0.31
2004-05-20,9.94,9.94,10.14,9.86,4524,208万,2.84%,0.31
2004-05-21,10.00,9.92,10.14,9.78,2883,131万,3.67%,0.2
2004-05-24,9.83,9.72,9.97,9.69,3859,174万,2.83%,0.27
2004-05-26,9.41,9.30,9.41,9.16,5967,259万,2.60%,0.41
2004-05-27,9.30,9.72,9.78,9.05,7648,337万,7.85%,0.53
2004-05-28,9.86,9.92,10.14,9.86,16436,755万,2.89%,1.13
2004-05-31,9.83,9.78,9.86,9.64,4455,200万,2.26%,0.31
2004-06-01,9.64,9.89,9.89,9.64,4914,222万,2.58%,0.34
2004-06-02,9.86,9.66,9.89,9.47,4320,194万,4.26%,0.3
2004-06-03,9.72,9.41,9.72,9.35,3667,162万,3.78%,0.25
2004-06-04,9.38,9.44,9.47,9.21,4850,212万,2.68%,0.33
2004-06-07,9.30,9.19,9.30,9.13,4165,180万,1.78%,0.29
2004-06-08,9.19,9.05,9.19,9.02,3862,165万,1.83%,0.27
2004-06-09,8.99,8.71,9.13,8.68,4187,176万,4.96%,0.29
2004-06-10,8.60,8.65,8.82,8.60,2409,99.9万,2.58%,0.17
2004-06-11,8.77,8.68,8.93,8.65,2549,107万,3.24%,0.18
2004-06-14,8.68,8.34,8.68,8.32,4535,184万,4.20%,0.31
2004-06-15,8.32,8.65,8.65,8.32,3271,133万,4.04%,0.22
2004-06-16,8.65,8.62,8.79,8.46,3164,130万,3.89%,0.22
2004-06-17,8.60,8.37,8.60,8.37,2481,100万,2.60%,0.17
2004-06-18,8.34,8.43,8.48,8.32,2600,105万,2.01%,0.18
2004-06-21,8.43,8.57,8.60,8.43,1288,52.4万,2.00%,0.09
2004-06-22,8.54,8.65,8.71,8.54,2474,102万,1.97%,0.17
2004-06-23,8.43,8.57,8.60,8.43,1778,72.0万,1.95%,0.12
2004-06-24,8.68,8.54,8.71,8.48,1762,72.1万,2.62%,0.12
2004-06-25,8.57,8.37,8.60,8.34,2094,84.5万,2.96%,0.14
2004-06-28,8.32,8.09,8.40,8.06,2837,112万,4.02%,0.19
2004-06-29,8.12,8.18,8.20,7.92,3545,138万,3.47%,0.24
2004-06-30,8.18,8.01,8.18,7.95,2240,87.5万,2.75%,0.15
2004-07-01,8.04,8.37,8.43,7.95,3544,141万,5.96%,0.24
2004-07-02,8.40,8.37,8.40,8.09,2960,118万,3.69%,0.2
2004-07-05,8.32,8.43,8.43,8.18,2668,107万,3.02%,0.18
2004-07-06,8.43,8.46,8.57,8.37,3340,136万,2.33%,0.23
2004-07-07,8.46,8.40,8.46,8.34,1752,70.5万,1.33%,0.12
2004-07-08,8.46,8.54,8.54,8.26,2814,113万,3.34%,0.19
2004-07-09,8.54,8.46,8.57,8.37,3897,158万,2.30%,0.27
2004-07-12,8.54,8.29,8.54,8.26,6688,269万,3.32%,0.46
2004-07-13,8.43,8.79,8.82,8.34,18858,775万,5.76%,1.3
2004-07-14,8.77,8.65,8.79,8.40,8451,346万,4.47%,0.58
2004-07-15,8.65,8.54,8.65,8.37,5982,243万,3.24%,0.41
2004-07-16,8.54,8.79,8.79,8.43,11067,457万,4.27%,0.76
2004-07-19,8.82,8.71,8.82,8.65,4770,198万,1.92%,0.33
2004-07-20,8.71,8.48,8.71,8.48,3917,160万,2.58%,0.27
2004-07-21,8.48,8.43,8.54,8.34,4851,196万,2.32%,0.33
2004-07-22,8.37,8.20,8.46,8.18,5341,213万,3.33%,0.37
2004-07-23,8.18,8.20,8.26,8.09,3298,130万,2.05%,0.23
2004-07-26,8.20,8.09,8.20,8.06,2202,86.6万,1.71%,0.15
2004-07-27,8.09,8.01,8.15,7.95,3039,119万,2.43%,0.21
2004-07-28,7.90,8.06,8.15,7.90,1633,63.6万,3.15%,0.11
2004-07-29,8.04,8.20,8.23,7.98,2137,84.0万,3.13%,0.15
2004-07-30,8.20,8.06,8.20,8.04,1247,48.8万,2.05%,0.09
2004-08-02,7.98,8.01,8.12,7.92,1350,52.3万,2.44%,0.09
2004-08-03,7.98,7.95,8.01,7.90,1614,62.4万,1.40%,0.11
2004-08-04,8.01,8.23,8.26,7.92,2613,103万,4.24%,0.18
2004-08-05,8.18,8.15,8.23,8.09,2121,83.5万,1.70%,0.15
2004-08-06,8.09,8.06,8.18,8.01,1497,58.6万,2.07%,0.1
2004-08-09,8.06,8.18,8.18,7.98,1489,58.2万,2.44%,0.1
2004-08-10,8.18,8.15,8.26,8.15,2533,100万,1.37%,0.17
2004-08-11,8.15,8.04,8.20,8.01,1679,65.7万,2.41%,0.12
2004-08-12,7.92,7.73,7.92,7.61,3954,150万,3.84%,0.27
2004-08-13,7.75,7.81,7.87,7.70,1870,71.1万,2.18%,0.13
2004-08-16,7.90,7.78,7.90,7.56,3559,134万,4.31%,0.24
2004-08-17,7.98,7.87,8.01,7.78,2725,105万,2.89%,0.19
2004-08-18,8.20,7.87,8.20,7.75,7102,277万,5.71%,0.49
2004-08-19,7.75,7.42,7.78,7.17,4126,152万,7.85%,0.28
2004-08-20,7.42,7.45,7.56,7.19,1987,72.5万,4.92%,0.14
2004-08-23,7.19,7.42,7.42,7.14,1905,68.9万,3.77%,0.13
2004-08-24,7.42,7.61,7.64,7.28,3222,120万,4.92%,0.22
2004-08-25,7.50,7.42,7.56,7.39,2296,84.8万,2.21%,0.16
2004-08-26,7.39,7.33,7.42,7.31,1462,53.5万,1.51%,0.1
2004-08-27,7.33,7.36,7.42,7.22,1943,70.5万,2.68%,0.13
2004-08-30,7.14,7.28,7.36,7.14,1116,40.3万,3.05%,0.08
2004-08-31,7.36,7.67,7.75,7.36,4730,177万,5.40%,0.32
2004-09-01,7.70,7.45,7.75,7.45,3772,141万,4.03%,0.26
2004-09-02,7.36,7.73,7.90,7.36,4781,180万,7.16%,0.33
2004-09-03,7.61,7.90,7.92,7.61,6393,244万,4.00%,0.44
2004-09-06,7.95,7.78,7.95,7.70,1822,69.4万,3.20%,0.13
2004-09-07,7.81,7.95,8.01,7.70,3429,132万,3.97%,0.24
2004-09-08,8.04,7.70,8.04,7.64,3546,135万,4.94%,0.24
2004-09-09,7.75,7.45,7.75,7.39,3076,114万,4.74%,0.21
2004-09-10,7.28,7.42,7.45,7.28,3055,111万,2.26%,0.21
2004-09-13,7.47,7.25,7.47,7.19,1470,53.3万,3.78%,0.1
2004-09-14,7.22,7.64,7.64,7.22,3273,122万,5.81%,0.22
2004-09-15,7.64,8.20,8.29,7.56,15403,604万,9.55%,1.06
2004-09-16,8.20,8.29,8.46,8.12,11998,478万,4.11%,0.82
2004-09-17,8.18,8.46,8.46,8.04,13822,553万,5.08%,0.95
2004-09-20,8.48,8.79,8.79,8.37,19991,817万,4.98%,1.37
2004-09-21,8.82,8.77,9.05,8.48,21233,882万,6.38%,1.46
2004-09-22,8.62,8.32,8.74,8.29,12436,507万,5.12%,0.85
2004-09-23,8.32,8.65,8.65,8.20,8271,334万,5.40%,0.57
2004-09-24,8.74,8.48,8.77,8.32,16249,663万,5.19%,1.12
2004-09-27,8.48,8.40,8.60,8.18,10936,438万,4.96%,0.75
2004-09-28,8.40,8.46,8.48,8.20,4942,198万,3.34%,0.34
2004-09-29,8.51,8.43,8.51,8.20,4457,178万,3.65%,0.31
2004-09-30,8.43,8.15,8.43,8.06,5629,223万,4.33%,0.39
2004-10-08,8.26,8.40,8.51,7.81,7147,281万,8.61%,0.49
2004-10-11,8.48,8.40,8.57,8.23,6976,282万,4.01%,0.48
2004-10-12,8.51,8.32,8.60,8.23,5766,231万,4.34%,0.4
2004-10-13,8.40,8.34,8.40,8.18,4423,176万,2.70%,0.3
2004-10-14,8.43,8.26,8.43,7.90,13871,549万,6.39%,0.95
2004-10-15,8.37,8.20,8.40,8.01,15547,618万,4.76%,1.07
2004-10-18,8.29,8.20,8.32,7.90,11689,461万,5.13%,0.8
2004-10-19,8.26,8.26,8.29,8.04,7341,290万,3.08%,0.5
2004-10-20,8.34,8.06,8.40,7.61,21401,843万,9.51%,1.47
2004-10-21,8.06,6.97,8.26,6.97,10315,376万,16.01%,0.71
2004-10-22,7.14,7.11,7.22,6.13,15518,538万,15.71%,1.07
2004-10-25,6.91,6.86,7.11,6.30,10561,360万,11.45%,0.73
2004-10-26,6.66,7.00,7.00,6.41,7305,250万,8.60%,0.5
2004-10-27,7.05,7.17,7.17,6.69,35973,1278万,6.82%,2.47
2004-10-28,7.17,7.14,7.47,6.86,34067,1227万,8.62%,2.34
2004-10-29,7.05,7.08,7.08,6.69,23520,823万,5.51%,1.62
2004-11-01,7.14,7.64,7.75,7.08,47139,1728万,9.51%,3.24
2004-11-02,7.61,7.42,7.81,7.28,21676,802万,6.98%,1.49
2004-11-03,7.61,7.53,7.61,7.28,10225,377万,4.54%,0.7
2004-11-04,7.33,7.14,7.53,7.05,8140,297万,6.34%,0.56
2004-11-05,7.14,7.14,7.31,7.14,7640,274万,2.36%,0.52
2004-11-08,7.14,7.02,7.28,7.00,5330,191万,3.93%,0.37
2004-11-09,7.05,6.86,7.05,6.80,4551,159万,3.60%,0.31
2004-11-10,6.88,7.22,7.22,6.74,6545,232万,6.96%,0.45
2004-11-11,7.22,7.17,7.42,7.08,10927,395万,4.66%,0.75
2004-11-12,7.14,7.33,7.64,6.88,15918,579万,10.58%,1.09
2004-11-15,7.33,7.33,7.36,7.11,7507,271万,3.44%,0.52
2004-11-16,7.36,7.22,7.47,7.19,4058,147万,3.83%,0.28
2004-11-17,7.25,7.36,7.50,7.25,9413,344万,3.50%,0.65
2004-11-18,7.33,7.47,7.67,7.14,11611,428万,7.24%,0.8
2004-11-19,7.47,7.47,7.53,7.31,7151,263万,3.00%,0.49
2004-11-22,7.47,7.56,7.59,7.36,11052,410万,3.00%,0.76
2004-11-23,7.59,7.61,7.64,7.42,8189,305万,2.97%,0.56
2004-11-24,7.67,7.28,7.73,7.28,6774,251万,5.90%,0.47
2004-11-25,7.31,7.31,7.39,7.02,7355,264万,5.01%,0.51
2004-11-26,7.31,7.31,7.59,7.14,5347,196万,6.15%,0.37
2004-11-29,7.25,7.22,7.31,7.08,3953,142万,3.07%,0.27
2004-11-30,7.17,7.25,7.50,7.11,6398,234万,5.44%,0.44
2004-12-01,7.25,7.17,7.36,7.14,3581,129万,3.10%,0.25
2004-12-02,7.17,7.47,7.56,7.14,18890,692万,5.88%,1.3
2004-12-03,7.53,7.67,7.70,7.39,14218,531万,4.13%,0.98
2004-12-06,7.78,7.59,7.81,7.45,8612,323万,4.76%,0.59
2004-12-07,7.53,7.22,7.59,7.22,5541,203万,4.81%,0.38
2004-12-08,7.25,7.31,7.36,7.22,3898,142万,1.94%,0.27
2004-12-09,7.33,7.25,7.42,7.17,3471,126万,3.46%,0.24
2004-12-10,7.28,7.05,7.28,7.00,6054,216万,3.87%,0.42
2004-12-13,7.00,6.72,7.02,6.66,5022,173万,5.17%,0.34
2004-12-14,6.83,6.77,6.83,6.69,4070,140万,2.09%,0.28
2004-12-15,6.66,6.60,6.77,6.44,3189,108万,4.97%,0.22
2004-12-16,6.60,6.49,6.60,6.44,1619,54.3万,2.55%,0.11
2004-12-17,6.49,6.35,6.52,6.35,3630,120万,2.59%,0.25
2004-12-20,6.27,6.44,6.46,6.27,1847,61.0万,3.09%,0.13
2004-12-21,6.46,6.49,6.66,6.44,1369,46.0万,3.49%,0.09
2004-12-22,6.58,6.74,6.74,6.49,2951,100万,3.89%,0.2
2004-12-23,6.74,6.49,6.77,6.41,2310,78.0万,5.41%,0.16
2004-12-24,6.49,6.52,6.63,6.46,1805,60.6万,2.59%,0.12
2004-12-27,6.63,6.44,6.63,6.41,1096,36.6万,3.44%,0.08
2004-12-28,6.49,6.32,6.60,6.30,2825,93.4万,4.80%,0.19
2004-12-29,6.30,6.35,6.52,6.27,2281,75.6万,3.99%,0.16
2004-12-30,6.35,6.35,6.44,6.27,1761,57.9万,2.65%,0.12
2004-12-31,6.35,6.15,6.41,6.15,2387,77.8万,3.98%,0.16
2005-01-04,5.90,5.73,6.13,5.73,2236,70.2万,6.38%,0.15
2005-01-05,5.79,5.96,6.04,5.73,3771,118万,5.38%,0.26
2005-01-06,5.82,5.96,5.99,5.79,1647,51.8万,3.30%,0.11
2005-01-07,5.96,6.07,6.15,5.96,4205,135万,3.30%,0.29
2005-01-10,6.10,6.07,6.18,6.07,1677,54.0万,1.85%,0.12
2005-01-11,6.10,6.15,6.21,6.01,2790,89.8万,3.24%,0.19
2005-01-12,6.15,6.10,6.18,6.04,1476,47.4万,2.28%,0.1
2005-01-13,6.15,6.07,6.18,6.01,2542,81.6万,2.76%,0.17
2005-01-14,6.07,6.01,6.21,6.01,1774,56.9万,3.24%,0.12
2005-01-17,5.87,5.85,6.07,5.76,3186,99.5万,5.13%,0.22
2005-01-18,5.87,5.96,6.04,5.79,2498,78.3万,4.32%,0.17
2005-01-19,5.93,6.15,6.32,5.82,5388,174万,8.48%,0.37
2005-01-20,6.13,6.04,6.27,5.93,2626,83.8万,5.47%,0.18
2005-01-21,5.93,6.35,6.35,5.93,6100,198万,6.97%,0.42
2005-01-24,6.49,6.32,6.60,6.30,6609,219万,4.86%,0.45
2005-01-25,6.35,6.15,6.35,6.15,2832,92.1万,3.11%,0.19
2005-01-26,6.21,6.07,6.27,6.01,3598,115万,4.10%,0.25
2005-01-27,6.01,5.99,6.07,5.90,2754,87.1万,2.77%,0.19
2005-01-28,5.93,5.79,5.96,5.76,2452,76.3万,3.28%,0.17
2005-01-31,5.79,5.34,5.79,5.26,3616,108万,9.21%,0.25
2005-02-01,5.34,5.17,5.48,5.17,2752,80.5万,5.78%,0.19
2005-02-02,5.17,5.57,5.57,5.17,5170,153万,7.60%,0.36
2005-02-03,5.57,5.40,5.65,5.37,4827,144万,5.04%,0.33
2005-02-04,5.40,5.51,5.54,5.37,4467,133万,3.12%,0.31
2005-02-16,5.57,5.65,5.73,5.51,3632,111万,4.08%,0.25
2005-02-17,5.68,5.62,5.68,5.51,2843,85.8万,2.98%,0.2
2005-02-18,5.62,5.59,5.65,5.57,3164,96.0万,1.50%,0.22
2005-02-21,5.59,5.73,5.73,5.54,3657,112万,3.51%,0.25
2005-02-22,5.73,5.93,5.93,5.65,7444,231万,4.90%,0.51
2005-02-23,5.79,5.99,6.10,5.79,8578,271万,5.21%,0.59
2005-02-24,5.87,6.01,6.04,5.87,6367,201万,2.81%,0.44
2005-02-25,6.01,5.99,6.15,5.93,8414,269万,3.73%,0.58
2005-02-28,6.07,5.90,6.07,5.85,4594,145万,3.75%,0.32
2005-03-01,5.90,5.90,5.93,5.82,2774,86.9万,1.90%,0.19
2005-03-02,5.87,5.79,5.99,5.79,3695,116万,3.33%,0.25
2005-03-03,5.76,5.79,5.82,5.65,3455,107万,2.91%,0.24
2005-03-04,5.79,5.71,5.79,5.68,1948,60.0万,1.94%,0.13
2005-03-07,5.76,5.85,5.87,5.71,3734,116万,2.95%,0.26
2005-03-08,5.85,6.01,6.07,5.76,6635,209万,5.28%,0.46
2005-03-09,6.01,6.04,6.10,5.87,7630,242万,3.73%,0.52
2005-03-10,6.04,5.71,6.04,5.68,3466,109万,6.04%,0.24
2005-03-11,5.71,5.76,5.79,5.65,5115,157万,2.46%,0.35
2005-03-14,5.73,5.76,5.79,5.54,6654,204万,4.38%,0.46
2005-03-15,5.96,5.99,6.04,5.71,20009,632万,5.85%,1.37
2005-03-16,5.96,6.10,6.15,5.93,19371,618万,3.75%,1.33
2005-03-17,6.13,6.18,6.30,5.96,18300,592万,5.52%,1.26
2005-03-18,6.18,5.99,6.27,5.99,15112,485万,4.54%,1.04
2005-03-21,6.01,6.32,6.49,5.99,43482,1426万,8.44%,2.99
2005-03-22,6.30,5.48,6.30,5.40,34342,1052万,14.20%,2.36
2005-03-23,5.37,5.79,5.90,4.72,36551,1086万,21.51%,2.51
2005-03-24,5.79,6.52,6.66,5.73,86256,2880万,16.00%,5.92
2005-03-25,6.35,6.49,6.55,6.10,36808,1220万,6.89%,2.53
2005-03-28,6.52,6.27,6.58,6.01,17405,567万,8.65%,1.2
2005-03-29,6.24,6.24,6.30,5.96,14812,476万,5.37%,1.02
2005-03-30,5.93,5.31,6.10,5.31,32837,982万,12.60%,2.26
2005-03-31,5.09,6.13,6.13,4.70,38705,1157万,26.94%,2.66
2005-04-01,6.10,6.18,6.44,5.82,41252,1325万,10.08%,2.83
2005-04-04,6.13,6.18,6.55,5.85,29740,978万,11.35%,2.04
2005-04-05,6.04,5.90,6.30,5.54,19533,617万,12.26%,1.34
2005-04-06,5.85,5.93,6.04,5.54,13308,411万,8.56%,0.91
2005-04-07,5.93,5.90,6.13,5.71,21985,696万,7.10%,1.51
2005-04-08,5.82,5.87,5.93,5.65,14805,459万,4.76%,1.02
2005-04-11,5.79,5.65,5.85,5.59,16959,520万,4.30%,1.16
2005-04-12,5.57,5.40,5.82,5.40,12728,387万,7.45%,0.87
2005-04-13,5.51,5.57,5.68,5.43,13858,418万,4.68%,0.95
2005-04-14,5.59,5.68,5.96,5.51,19011,589万,8.07%,1.31
2005-04-15,5.59,5.31,5.68,5.23,10504,310万,7.91%,0.72
2005-04-18,5.23,5.09,5.23,4.89,9884,279万,6.34%,0.68
2005-04-19,5.12,5.14,5.31,5.09,6285,181万,4.41%,0.43
2005-04-20,5.17,4.92,5.17,4.89,5982,168万,5.46%,0.41
2005-04-21,4.84,4.39,4.92,4.25,10016,268万,13.69%,0.69
2005-04-22,4.56,4.53,4.75,4.44,7728,207万,7.04%,0.53
2005-04-25,4.56,4.11,4.56,3.94,7800,199万,13.64%,0.54
2005-04-26,4.13,4.47,4.47,4.13,6470,167万,8.20%,0.44
2005-04-27,4.53,4.33,4.56,4.30,4404,115万,5.65%,0.3
2005-04-28,4.25,4.67,4.67,4.25,6528,173万,9.72%,0.45
2005-04-29,4.67,4.50,4.67,4.47,3377,89.7万,4.21%,0.23
2005-05-09,4.50,4.11,4.56,4.11,3392,86.9万,9.98%,0.23
2005-05-10,4.02,4.13,4.19,3.77,6176,151万,10.25%,0.42
2005-05-11,3.99,4.02,4.19,3.97,4130,103万,5.43%,0.28
2005-05-12,4.11,4.16,4.25,3.88,3880,97.1万,9.07%,0.27
2005-05-13,4.11,4.56,4.70,3.99,9095,235万,16.86%,0.62
2005-05-16,4.39,4.50,4.64,4.33,8710,230万,6.78%,0.6
2005-05-17,4.44,4.47,4.58,4.33,4596,121万,5.61%,0.32
2005-05-18,4.41,4.58,4.58,4.41,5257,139万,3.77%,0.36
2005-05-19,4.53,4.58,4.64,4.44,3420,90.8万,4.29%,0.23
2005-05-20,4.61,4.44,4.61,4.41,3678,96.8万,4.29%,0.25
2005-05-23,4.33,3.99,4.36,3.99,4656,117万,8.21%,0.32
2005-05-24,3.85,4.27,4.33,3.85,3222,81.7万,11.95%,0.22
2005-05-25,4.27,4.30,4.39,4.19,3776,97.1万,4.60%,0.26
2005-05-26,4.27,4.25,4.39,4.16,2586,65.9万,5.22%,0.18
2005-05-27,4.25,4.33,4.33,4.16,3631,92.9万,3.97%,0.25
2005-05-31,4.61,4.75,5.06,4.61,40254,1110万,10.37%,2.76
2005-06-01,4.64,4.70,4.72,4.47,13926,373万,5.32%,0.96
2005-06-02,4.61,4.67,4.70,4.56,6372,171万,2.99%,0.44
2005-06-03,4.64,4.56,4.72,4.47,6285,168万,5.41%,0.43
2005-06-06,4.53,4.61,4.64,4.41,8465,225万,4.93%,0.58
2005-06-07,4.67,4.64,5.00,4.47,12377,338万,11.57%,0.85
2005-06-08,4.58,5.09,5.20,4.58,24691,693万,13.31%,1.7
2005-06-09,5.09,5.03,5.20,4.84,18136,513万,7.17%,1.25
2005-06-10,5.03,4.70,5.03,4.67,9849,272万,7.25%,0.68
2005-06-13,4.70,4.84,4.95,4.70,6532,180万,5.38%,0.45
2005-06-14,4.84,4.67,4.95,4.61,6067,167万,6.97%,0.42
2005-06-15,4.67,4.44,4.67,4.39,4871,128万,6.01%,0.33
2005-06-16,4.39,4.50,4.56,4.39,4202,111万,3.79%,0.29
2005-06-17,4.53,4.47,4.56,4.39,3234,84.9万,3.74%,0.22
2005-06-20,4.56,4.61,4.64,4.36,5833,154万,6.28%,0.4
2005-06-21,4.56,4.61,4.67,4.47,5572,149万,4.26%,0.38
2005-06-22,4.61,4.61,4.64,4.53,2851,76.2万,2.43%,0.2
2005-06-23,4.64,4.58,4.78,4.58,6243,169万,4.26%,0.43
2005-06-24,4.56,4.53,4.58,4.41,3645,96.3万,3.67%,0.25
2005-06-27,4.67,4.72,4.81,4.61,9087,247万,4.34%,0.62
2005-06-28,4.67,4.47,4.72,4.39,4746,125万,7.13%,0.33
2005-06-29,4.53,4.47,4.53,4.41,3000,78.8万,2.51%,0.21
2005-06-30,4.50,4.08,4.50,4.05,5083,130万,10.04%,0.35
2005-07-01,4.08,3.91,4.25,3.88,6582,163万,8.95%,0.45
2005-07-04,3.91,3.68,3.91,3.32,8312,193万,15.08%,0.57
2005-07-05,3.57,3.71,3.74,3.52,5677,133万,6.09%,0.39
2005-07-06,3.77,3.99,4.02,3.74,11786,286万,7.56%,0.81
2005-07-07,3.99,3.91,3.99,3.74,5855,141万,6.33%,0.4
2005-07-08,4.02,3.94,4.19,3.91,15033,372万,7.18%,1.03
2005-07-11,3.94,3.54,4.02,3.49,7313,175万,13.54%,0.5
2005-07-12,3.54,3.77,3.80,3.40,7238,169万,11.09%,0.5
2005-07-13,3.80,3.68,3.83,3.60,5481,129万,5.96%,0.38
2005-07-14,3.85,3.77,3.85,3.60,5311,126万,6.86%,0.36
2005-07-15,3.80,3.68,3.80,3.57,4702,110万,5.96%,0.32
2005-07-18,3.91,3.83,3.91,3.66,11375,271万,6.86%,0.78
2005-07-19,3.77,3.71,3.85,3.57,5727,135万,7.34%,0.39
2005-07-20,3.71,3.83,3.83,3.66,5097,121万,4.54%,0.35
2005-07-21,3.77,3.74,3.91,3.66,5876,141万,6.60%,0.4
2005-07-22,3.85,3.97,4.11,3.68,13750,334万,11.25%,0.94
2005-07-25,3.97,3.94,3.99,3.83,5592,135万,4.25%,0.38
2005-07-26,3.88,4.16,4.19,3.85,15927,396万,8.55%,1.09
2005-07-27,4.19,4.33,4.36,4.05,12493,316万,7.42%,0.86
2005-07-28,4.39,4.44,4.70,4.39,36771,975万,7.13%,2.53
2005-07-29,4.44,4.25,4.44,4.19,8834,227万,5.69%,0.61
2005-08-01,4.25,4.30,4.36,4.22,6248,160万,3.30%,0.43
2005-08-02,4.30,4.47,4.50,4.30,7941,207万,4.57%,0.55
2005-08-03,4.47,4.44,4.56,4.39,12737,336万,3.77%,0.87
2005-08-04,4.41,4.27,4.41,4.22,6777,174万,4.42%,0.47
2005-08-05,4.25,4.41,4.44,4.25,11349,294万,4.60%,0.78
2005-08-08,4.44,4.67,4.72,4.44,20345,542万,6.36%,1.4
2005-08-09,4.67,4.72,4.86,4.50,25428,691万,7.82%,1.75
2005-08-10,4.86,5.03,5.09,4.78,43287,1213万,6.54%,2.97
2005-08-11,5.00,4.92,5.00,4.81,18335,510万,3.90%,1.26
2005-08-12,4.86,4.64,4.98,4.58,16278,447万,7.99%,1.12
2005-08-15,4.58,4.81,4.81,4.56,12325,333万,5.45%,0.85
2005-08-16,4.84,4.75,4.89,4.61,14115,385万,5.84%,0.97
2005-08-17,4.75,4.84,4.86,4.53,15924,432万,7.09%,1.09
2005-08-18,4.81,4.50,5.00,4.41,18818,521万,12.19%,1.29
2005-08-19,4.41,4.36,4.58,4.25,10249,269万,7.49%,0.7
2005-08-22,4.53,4.64,4.67,4.36,7844,208万,7.08%,0.54
2005-08-23,4.64,4.75,4.81,4.56,15190,411万,5.45%,1.04
2005-08-24,4.64,4.75,4.78,4.64,9909,270万,2.95%,0.68
2005-08-25,4.67,4.75,4.75,4.61,6815,184万,2.95%,0.47
2005-08-26,4.75,4.92,5.00,4.70,17909,497万,6.50%,1.23
2005-08-29,5.09,4.98,5.14,4.89,24518,692万,5.13%,1.68
2005-08-30,4.95,4.75,4.95,4.72,12518,343万,4.51%,0.86
2005-08-31,4.70,5.06,5.14,4.70,23716,668万,9.45%,1.63
2005-09-01,5.03,5.20,5.28,5.00,28077,808万,5.55%,1.93
2005-09-02,5.20,5.34,5.51,5.14,30246,891万,7.02%,2.08
2005-09-05,5.37,5.43,5.48,5.14,15475,453万,6.31%,1.06
2005-09-06,5.43,5.12,5.57,5.03,23702,700万,9.83%,1.63
2005-09-07,5.09,5.65,5.68,5.00,32978,982万,13.17%,2.27
2005-09-08,5.82,5.68,6.04,5.57,63071,1964万,8.45%,4.33
2005-09-09,5.57,5.34,5.65,5.31,20906,623万,5.93%,1.44
2005-09-12,5.23,5.65,5.73,5.23,20786,628万,9.46%,1.43
2005-09-13,5.57,5.73,5.73,5.45,14982,455万,4.97%,1.03
2005-09-14,5.76,5.85,5.99,5.59,24088,747万,6.85%,1.65
2005-09-15,5.79,5.73,5.82,5.71,10271,317万,1.92%,0.71
2005-09-16,5.76,5.96,6.10,5.73,32361,1023万,6.36%,2.22
2005-09-19,5.96,6.10,6.10,5.90,20835,662万,3.30%,1.43
2005-09-20,6.18,6.04,6.21,5.90,35256,1123万,5.06%,2.42
2005-09-21,6.04,6.07,6.18,5.99,32245,1033万,3.25%,2.21
2005-09-22,6.07,5.51,6.07,5.23,27587,838万,13.87%,1.89
2005-09-23,5.45,5.48,5.62,5.28,11977,358万,6.11%,0.82
2005-09-26,5.40,5.51,5.54,5.28,9373,279万,4.61%,0.64
2005-09-27,5.51,5.57,5.59,5.26,14263,425万,6.11%,0.98
2005-09-28,5.54,5.51,5.73,5.45,11420,345万,5.04%,0.78
2005-09-29,5.51,5.71,5.82,5.45,28495,871万,6.62%,1.96
2005-09-30,5.62,5.45,5.68,5.37,14035,420万,5.41%,0.96
2005-10-10,5.45,5.45,5.54,5.31,5935,176万,4.12%,0.41
2005-10-11,5.40,5.59,5.65,5.34,7529,226万,5.66%,0.52
2005-10-12,5.62,5.59,5.65,5.45,9110,275万,3.51%,0.63
2005-10-13,5.54,5.73,5.79,5.54,13771,422万,4.52%,0.95
2005-10-14,5.76,5.54,5.85,5.48,16519,506万,6.36%,1.13
2005-10-17,5.51,5.26,5.51,5.12,13311,387万,7.10%,0.91
2005-10-18,5.26,5.40,5.43,5.26,8516,251万,3.20%,0.58
2005-10-19,5.40,5.40,5.73,5.26,15843,476万,8.84%,1.09
2005-10-20,5.34,5.48,5.51,5.31,6614,196万,3.64%,0.45
2005-10-21,5.48,5.48,5.54,5.34,5773,172万,3.58%,0.4
2005-10-24,5.48,5.40,5.48,5.31,6486,191万,3.07%,0.45
2005-10-25,5.31,5.14,5.37,5.14,7263,210万,4.16%,0.5
2005-10-26,5.14,4.81,5.14,4.75,9019,252万,7.64%,0.62
2005-10-27,4.81,4.61,4.89,4.53,5951,161万,7.59%,0.41
2005-10-28,4.53,4.27,4.53,4.22,9095,235万,6.70%,0.62
2005-10-31,4.16,4.33,4.41,4.16,5015,129万,5.91%,0.34
2005-11-01,4.33,4.11,4.33,4.08,6961,175万,5.83%,0.48
2005-11-02,4.11,4.30,4.36,4.11,6308,161万,6.15%,0.43
2005-11-03,4.30,4.16,4.33,4.13,3558,90.8万,4.57%,0.24
2005-11-04,4.13,4.30,4.33,4.13,3539,90.3万,4.72%,0.24
2005-11-07,4.30,4.44,4.47,4.30,6498,169万,3.91%,0.45
2005-11-08,4.47,4.53,4.58,4.33,6127,161万,5.69%,0.42
2005-11-09,4.53,4.39,4.53,4.39,4614,121万,3.10%,0.32
2005-11-10,4.33,4.11,4.39,4.05,7194,181万,7.68%,0.49
2005-11-11,4.08,4.02,4.11,3.88,4897,121万,5.47%,0.34
2005-11-14,4.02,4.11,4.13,3.91,3966,97.9万,5.58%,0.27
2005-11-15,4.13,4.16,4.25,4.05,5152,129万,4.79%,0.35
2005-11-16,4.16,4.16,4.19,3.97,2992,74.6万,5.39%,0.21
2005-11-17,4.11,4.19,4.25,4.11,4406,112万,3.37%,0.3
2005-11-18,4.16,4.33,4.39,4.16,6873,177万,5.36%,0.47
2005-11-21,4.36,4.36,4.44,4.30,5248,136万,3.24%,0.36
2005-11-22,4.33,4.19,4.39,4.19,2834,72.5万,4.51%,0.19
2005-11-23,4.13,4.25,4.30,4.13,2342,59.6万,4.02%,0.16
2005-11-24,4.25,4.33,4.44,4.22,3301,85.1万,5.29%,0.23
2005-11-25,4.33,4.39,4.44,4.19,5342,138万,5.83%,0.37
2005-11-28,4.33,4.30,4.39,4.27,1957,50.4万,2.56%,0.13
2005-11-29,4.30,4.19,4.30,4.19,2157,54.8万,2.61%,0.15
2005-11-30,4.13,4.27,4.30,4.13,3424,86.9万,4.02%,0.24
2005-12-01,4.25,4.22,4.27,4.16,2762,70.1万,2.63%,0.19
2005-12-02,4.16,4.11,4.22,4.08,2690,67.5万,3.33%,0.18
2005-12-05,4.05,3.83,4.05,3.83,2899,70.7万,5.47%,0.2
2005-12-06,3.83,4.02,4.02,3.83,3604,88.0万,5.14%,0.25
2005-12-07,4.08,4.36,4.41,4.05,14470,369万,9.07%,0.99
2005-12-08,4.39,4.39,4.41,4.25,6799,175万,3.86%,0.47
2005-12-09,4.36,4.36,4.41,4.25,5706,147万,3.84%,0.39
2005-12-12,4.36,4.47,4.53,4.30,7775,203万,5.15%,0.53
2005-12-13,4.50,4.39,4.50,4.25,6123,158万,5.65%,0.42
2005-12-14,4.39,4.41,4.44,4.27,4586,119万,3.84%,0.32
2005-12-15,4.39,4.56,4.64,4.27,19068,502万,8.27%,1.31
2005-12-16,4.61,4.61,4.64,4.47,18866,503万,3.70%,1.3
2005-12-19,4.64,4.58,4.70,4.56,5181,139万,3.04%,0.36
2005-12-20,4.58,4.61,4.61,4.47,6058,160万,3.06%,0.42
2005-12-21,4.53,4.44,4.64,4.44,4796,127万,4.26%,0.33
2005-12-22,4.41,4.44,4.50,4.36,5071,133万,3.16%,0.35
2005-12-23,4.39,4.56,4.56,4.39,4553,120万,3.79%,0.31
2005-12-26,4.56,4.75,4.89,4.53,16918,460万,8.01%,1.16
2005-12-27,4.75,4.78,4.86,4.58,7013,190万,5.91%,0.48
2005-12-28,4.75,4.70,4.78,4.64,5380,146万,2.94%,0.37
2005-12-29,4.70,4.72,4.78,4.64,7874,214万,2.99%,0.54
2005-12-30,4.75,4.64,4.84,4.64,13264,360万,4.16%,0.91
2006-01-04,4.61,4.72,4.78,4.58,5770,156万,4.24%,0.4
2006-01-05,4.92,4.78,4.92,4.72,7719,212万,4.16%,0.53
2006-01-06,4.78,4.98,5.00,4.72,15592,433万,5.87%,1.07
2006-01-09,4.98,5.12,5.28,4.89,22483,640万,7.90%,1.54
2006-01-10,5.00,5.06,5.12,4.95,7849,222万,3.29%,0.54
2006-01-11,4.98,4.89,5.12,4.86,7908,222万,4.99%,0.54
2006-01-12,4.86,5.09,5.09,4.86,9496,267万,4.59%,0.65
2006-01-13,5.09,5.03,5.12,4.95,11227,317万,3.31%,0.77
2006-01-16,5.03,5.12,5.20,4.98,15186,433万,4.46%,1.04
2006-01-17,5.00,5.09,5.12,4.95,7575,214万,3.29%,0.52
2006-01-18,4.98,5.23,5.26,4.98,18899,542万,5.52%,1.3
2006-01-19,5.20,5.23,5.45,5.12,21090,616万,6.44%,1.45
2006-01-20,5.23,5.23,5.31,5.17,11950,347万,2.68%,0.82
2006-01-23,5.23,5.20,5.26,5.12,11223,324万,2.68%,0.77
2006-01-24,5.17,5.20,5.37,5.12,12482,363万,4.86%,0.86
2006-01-25,5.14,5.20,5.51,5.09,14360,419万,8.10%,0.99
2006-02-06,5.23,5.48,5.57,5.23,27223,806万,6.48%,1.87
2006-02-07,5.51,5.37,5.59,5.23,19996,594万,6.66%,1.37
2006-02-08,5.37,5.68,5.76,5.37,32572,991万,7.32%,2.24
2006-02-09,5.68,5.37,5.68,5.37,13392,401万,5.44%,0.92
2006-02-10,5.40,5.57,5.57,5.34,12727,379万,4.18%,0.87
2006-02-13,5.51,5.48,5.51,5.34,8445,250万,3.03%,0.58
2006-02-15,5.59,5.54,5.68,5.40,14654,442万,5.12%,1.01
2006-02-16,5.59,5.17,5.59,5.14,17917,522万,8.11%,1.23
2006-02-17,5.17,5.17,5.23,5.06,7921,227万,3.26%,0.54
2006-02-20,5.26,5.09,5.28,5.09,10539,305万,3.80%,0.72
2006-02-21,5.14,5.45,5.48,5.06,18202,531万,8.27%,1.25
2006-02-22,5.45,5.82,5.90,5.34,77174,2360万,10.29%,5.3
2006-02-23,5.76,5.96,6.01,5.68,86715,2708万,5.79%,5.96
2006-02-24,5.99,5.93,6.04,5.85,26505,834万,3.30%,1.82
2006-02-27,5.99,5.79,5.99,5.68,18581,576万,5.21%,1.28
2006-02-28,5.71,5.79,5.85,5.59,12304,377万,4.36%,0.85
2006-03-01,5.82,5.76,5.82,5.62,12196,375万,3.39%,0.84
2006-03-02,5.71,5.45,5.79,5.40,16741,507万,6.82%,1.15
2006-03-03,5.40,5.43,5.59,5.26,12464,370万,6.18%,0.86
2006-03-06,5.40,5.51,5.62,5.34,19841,594万,5.17%,1.36
2006-03-07,5.54,5.20,5.57,5.17,12762,377万,7.13%,0.88
2006-03-08,5.40,5.23,5.40,5.00,7318,212万,7.56%,0.5
2006-03-09,5.20,5.40,5.45,5.17,8400,247万,5.37%,0.58
2006-03-10,5.40,5.34,5.45,5.26,5615,165万,3.64%,0.39
2006-03-13,5.37,5.34,5.45,5.28,4689,138万,3.15%,0.32
2006-03-14,5.34,5.37,5.40,5.23,7536,220万,3.15%,0.52
2006-03-15,5.26,5.34,5.48,5.26,17873,527万,4.18%,1.23
2006-03-16,5.34,5.76,5.87,5.28,41150,1252万,11.04%,2.83
2006-03-17,5.71,5.45,5.71,5.45,29110,878万,4.38%,2
2006-03-20,5.51,5.65,5.65,5.40,13242,400万,4.63%,0.91
2006-03-21,5.62,5.76,5.90,5.57,26277,812万,5.96%,1.8
2006-03-22,5.73,5.96,5.99,5.73,30777,967万,4.38%,2.11
2006-03-23,6.04,6.13,6.49,5.90,54259,1764万,9.89%,3.73
2006-03-24,6.24,6.35,6.63,6.15,97182,3224万,7.79%,6.68
2006-03-27,6.44,7.28,7.28,6.44,138458,4896万,13.26%,9.51
2006-03-28,7.33,7.00,7.42,6.80,94116,3338万,8.48%,6.46
2006-03-29,6.86,6.91,7.28,6.77,56834,2009万,7.22%,3.9
2006-03-30,6.86,6.52,7.08,6.49,43035,1486万,8.53%,2.96
2006-03-31,6.44,7.11,7.25,6.44,48598,1692万,12.48%,3.34
2006-04-03,7.14,7.67,7.73,7.00,79070,2908万,10.27%,5.43
2006-04-04,7.70,7.56,7.84,7.28,54189,2015万,7.32%,3.72
2006-04-05,7.47,7.59,7.70,7.36,33423,1241万,4.46%,2.3
2006-04-06,7.56,7.28,7.61,7.22,40120,1475万,5.18%,2.76
2006-04-10,7.28,7.75,7.90,7.19,40156,1511万,9.64%,2.76
2006-04-11,7.75,7.56,8.01,7.33,41410,1551万,8.69%,2.84
2006-04-12,7.56,7.56,7.87,7.47,33071,1247万,5.20%,2.27
2006-04-13,7.50,6.91,7.87,6.88,43741,1614万,13.00%,3
2006-04-14,6.91,7.28,7.31,6.91,25094,897万,5.68%,1.72
2006-04-17,7.17,7.19,7.33,7.05,26933,969万,3.86%,1.85
2006-04-18,7.19,7.28,7.28,7.08,19452,698万,2.73%,1.34
2006-04-19,7.22,7.47,7.50,7.14,31680,1159万,5.01%,2.18
2006-04-20,7.42,7.25,7.59,7.14,26080,953万,6.01%,1.79
2006-04-21,7.19,7.02,7.25,6.80,31055,1093万,6.19%,2.13
2006-04-24,7.02,6.63,7.08,6.24,30551,1039万,11.99%,2.1
2006-04-25,6.58,6.74,6.91,6.30,25051,853万,9.31%,1.72
2006-04-26,6.77,7.67,7.67,6.74,52636,1914万,13.73%,3.62
2006-04-27,7.87,7.75,7.98,7.47,55821,2124万,6.59%,3.83
2006-04-28,7.47,8.74,8.82,7.28,97045,3915万,19.91%,6.67
2006-05-08,8.65,8.68,9.10,8.23,72176,2988万,9.96%,4.96
2006-05-09,8.65,8.96,9.44,8.65,60840,2573万,9.05%,4.18
2006-05-10,8.96,8.93,9.30,8.57,56400,2383万,8.14%,3.87
2006-05-11,8.82,9.58,10.11,8.82,113354,5085万,14.45%,7.79
2006-05-12,9.44,10.59,10.79,9.30,77263,3647万,15.53%,5.31
2006-05-15,10.67,10.98,10.98,9.92,111021,5323万,10.07%,7.63
2006-05-16,10.90,9.78,10.90,9.75,64763,3060万,10.48%,4.45
2006-05-17,9.78,9.89,10.22,9.49,40793,1851万,7.47%,2.8
2006-05-18,9.72,10.20,10.42,9.44,37228,1722万,9.94%,2.56
2006-05-19,10.20,10.81,11.04,10.03,50150,2440万,9.91%,3.44
2006-05-22,10.84,11.18,12.19,10.79,90962,4658万,12.98%,6.25
2006-05-23,11.12,10.28,11.12,10.22,61381,2934万,8.03%,4.22
2006-05-24,9.86,10.00,10.56,9.75,33693,1559万,7.92%,2.31
2006-05-25,10.00,10.36,10.45,9.86,21942,1027万,5.89%,1.51
2006-05-26,10.42,10.98,11.15,10.42,50670,2494万,7.04%,3.48
2006-05-29,11.01,11.01,11.26,10.67,39969,1981万,5.37%,2.75
2006-05-30,10.95,11.43,11.52,10.79,53155,2663万,6.63%,3.65
2006-05-31,11.43,12.08,12.27,11.15,86173,4531万,9.82%,5.92
2006-06-01,12.08,12.67,12.69,11.96,80831,4425万,6.04%,5.55
2006-06-02,12.69,12.50,13.06,12.33,56076,3105万,5.76%,3.85
2006-06-05,12.44,12.19,12.53,11.57,44335,2355万,7.64%,3.05
2006-06-06,12.13,12.19,12.69,11.82,37192,2016万,7.14%,2.55
2006-06-07,12.19,10.70,12.19,10.67,48521,2455万,12.43%,3.33
2006-06-08,10.48,11.29,11.68,10.42,89271,4483万,11.80%,6.13
2006-06-09,11.29,10.81,12.36,10.79,80528,4175万,13.92%,5.53
2006-06-12,10.56,10.70,11.04,10.22,43379,2075万,7.53%,2.98
2006-06-13,10.56,10.36,10.73,10.31,22572,1078万,3.93%,1.55
2006-06-14,10.34,9.89,10.53,9.44,30361,1386万,10.56%,2.09
2006-06-15,9.75,9.72,10.03,9.66,17941,814万,3.69%,1.23
2006-06-16,9.72,10.08,10.14,9.72,18926,869万,4.33%,1.3
2006-06-19,10.03,10.48,10.51,9.94,26730,1257万,5.57%,1.84
2006-06-20,10.48,11.32,11.52,10.31,62587,3113万,11.52%,4.3
2006-06-21,11.26,10.84,11.40,10.67,35641,1763万,6.45%,2.45
2006-06-22,10.81,10.95,11.12,10.79,30377,1504万,3.11%,2.09
2006-06-23,10.98,11.07,11.21,10.76,32097,1595万,4.10%,2.2
2006-07-11,12.47,12.47,12.47,12.47,4323,237万,0.00%,0.3
2006-07-12,14.01,14.01,14.01,14.01,10824,653万,0.00%,0.74
2006-07-13,14.77,14.97,15.70,13.17,280559,1.74亿,18.03%,19.27
2006-07-14,14.63,13.99,15.05,13.85,86431,5333万,8.06%,5.94
2006-07-17,13.93,14.07,14.38,13.56,54527,3277万,5.82%,3.75
2006-07-18,14.10,14.60,14.88,13.82,80644,4988万,7.58%,5.54
2006-07-19,14.46,13.87,14.46,13.71,50509,3044万,5.19%,3.47
2006-07-20,13.90,14.21,14.35,13.90,40613,2470万,3.24%,2.79
2006-07-21,14.21,14.15,14.35,13.99,34085,2076万,2.57%,2.34
2006-07-24,13.87,14.27,14.29,13.56,36611,2201万,5.16%,2.51
2006-07-25,14.43,14.94,15.28,14.35,80115,5099万,6.49%,5.5
2006-07-26,14.86,14.94,15.11,14.74,46248,2940万,2.44%,3.18
2006-07-27,14.91,15.08,15.59,14.91,66084,4269万,4.51%,4.54
2006-07-28,15.08,15.08,15.28,14.52,81834,5209万,5.03%,5.62
2006-08-25,14.74,15.21,15.63,14.38,221025,7633万,8.26%,8.21
2006-08-28,14.95,15.89,16.15,14.85,209317,7478万,8.53%,7.77
2006-08-29,15.89,15.47,16.20,15.42,185903,6706万,4.90%,6.9
2006-08-30,15.31,15.89,15.99,15.31,109384,3933万,4.36%,4.06
2006-08-31,15.78,16.92,17.03,15.52,247219,9091万,9.48%,9.18
2006-09-01,16.61,16.41,17.29,16.30,242693,9182万,5.83%,9.01
2006-09-04,16.25,17.03,17.18,16.20,133438,5074万,6.01%,4.95
2006-09-05,17.13,16.61,17.24,16.41,83543,3159万,4.88%,3.1
2006-09-06,16.77,16.72,16.82,15.94,91737,3408万,5.31%,3.41
2006-09-07,16.56,16.30,16.77,15.78,71383,2616万,5.90%,2.65
2006-09-08,16.35,16.25,16.51,16.09,70383,2614万,2.55%,2.61
2006-09-11,16.46,16.51,16.87,15.99,71188,2656万,5.43%,2.64
2006-09-12,16.56,16.30,16.61,16.15,51098,1891万,2.83%,1.9
2006-09-13,16.30,15.83,16.35,15.83,75503,2760万,3.19%,2.8
2006-09-14,15.78,16.09,16.15,15.78,51168,1861万,2.30%,1.9
2006-09-15,16.09,16.46,16.51,15.89,82159,3030万,3.87%,3.05
2006-09-18,16.61,16.98,17.13,16.25,184252,6952万,5.36%,6.84
2006-09-19,16.87,16.61,16.87,16.51,68505,2585万,2.14%,2.54
2006-09-20,16.46,16.35,16.51,16.15,60508,2242万,2.19%,2.25
2006-09-21,16.30,16.25,16.56,16.15,46634,1725万,2.54%,1.73
2006-09-22,16.35,16.30,17.03,15.99,102993,3845万,6.39%,3.82
2006-09-25,16.30,16.56,16.72,16.25,77649,2900万,2.87%,2.88
2006-09-26,16.41,15.99,16.41,15.89,51065,1867万,3.14%,1.9
2006-09-27,16.04,16.25,16.35,15.78,57459,2099万,3.57%,2.13
2006-09-28,16.25,16.09,16.30,15.99,40618,1487万,1.92%,1.51
2006-09-29,16.15,16.04,16.20,15.99,46012,1682万,1.29%,1.71
2006-10-09,16.09,16.56,16.77,15.99,93496,3476万,4.86%,3.47
2006-10-10,16.61,16.46,16.61,16.15,67725,2503万,2.82%,2.51
2006-10-11,16.46,17.03,17.18,16.41,173590,6587万,4.73%,6.45
2006-10-12,17.03,17.03,17.55,16.77,174647,6762万,4.57%,6.48
2006-10-13,17.13,18.17,18.95,17.08,300681,1.23亿,10.98%,11.16
2006-10-16,18.33,18.48,18.79,17.86,160701,6548万,5.14%,5.97
2006-10-17,18.33,18.12,18.79,18.01,97349,3981万,4.21%,3.61
2006-10-18,17.91,18.07,18.27,17.70,73552,2950万,3.15%,2.73
2006-10-19,18.01,17.60,18.01,17.50,81375,3231万,2.87%,3.02
2006-10-23,17.60,16.25,17.60,16.04,104237,3947万,8.85%,3.87
2006-10-24,16.25,16.61,16.87,16.15,58727,2189万,4.47%,2.18
2006-10-25,16.82,16.46,16.98,16.15,52467,1966万,5.00%,1.95
2006-10-26,16.35,16.15,16.51,16.09,50580,1869万,2.52%,1.88
2006-10-27,16.15,15.47,16.46,15.37,54601,1964万,6.75%,2.03
2006-10-30,15.47,14.64,15.47,13.65,94261,3141万,11.75%,3.5
2006-10-31,14.38,14.64,14.85,14.12,59349,1986万,4.97%,2.2
2006-11-01,14.64,14.80,15.00,14.38,41670,1422万,4.26%,1.55
2006-11-02,14.85,14.59,14.95,14.07,54050,1796万,5.97%,2.01
2006-11-03,14.43,14.59,14.59,14.22,32531,1086万,2.49%,1.21
2006-11-06,14.38,14.28,14.59,14.22,37306,1239万,2.49%,1.39
2006-11-07,14.28,14.02,14.28,13.65,46764,1513万,4.36%,1.74
2006-11-08,13.81,13.91,13.96,13.71,22750,734万,1.85%,0.84
2006-11-09,13.71,14.12,14.38,13.71,31023,1018万,4.85%,1.15
2006-11-10,14.12,13.81,14.43,13.71,35146,1145万,5.15%,1.3
2006-11-13,13.71,12.41,13.71,12.20,59900,1814万,10.90%,2.22
2006-11-14,12.41,12.20,12.72,11.68,38582,1116万,8.37%,1.43
2006-11-15,12.30,12.93,13.08,12.20,47631,1436万,7.24%,1.77
2006-11-16,12.98,12.98,13.34,12.51,61504,1875万,6.43%,2.28
2006-11-17,12.93,12.77,13.03,12.61,28406,859万,3.20%,1.05
2006-11-20,12.77,12.82,12.87,12.25,43882,1301万,4.88%,1.63
2006-11-21,12.67,12.61,12.82,12.30,32555,967万,4.05%,1.21
2006-11-22,12.46,12.98,13.03,12.35,51378,1550万,5.35%,1.91
2006-11-23,12.98,13.03,13.39,12.67,46763,1436万,5.60%,1.74
2006-11-24,12.93,13.81,13.91,12.77,91952,2880万,8.77%,3.41
2006-11-27,13.76,13.81,13.96,13.55,59112,1893万,3.01%,2.19
2006-11-28,13.65,14.07,14.38,13.60,71022,2329万,5.64%,2.64
2006-11-29,13.91,13.91,14.17,13.50,46748,1515万,4.80%,1.74
2006-11-30,13.96,14.07,14.22,13.91,52534,1715万,2.24%,1.95
2006-12-01,14.07,13.86,14.43,13.76,59774,1954万,4.80%,2.22
2006-12-04,13.91,14.48,14.48,13.71,102809,3382万,5.62%,3.82
2006-12-05,14.48,15.16,15.21,14.28,121778,4172万,6.45%,4.52
2006-12-06,15.52,16.25,16.41,14.33,251402,8946万,13.70%,9.33
2006-12-07,16.82,16.82,17.86,16.77,424243,1.64亿,6.71%,15.75
2006-12-08,16.56,14.90,16.56,14.85,118950,4254万,10.19%,4.42
2006-12-11,14.69,15.47,15.52,14.38,71299,2455万,7.67%,2.65
2006-12-12,15.47,14.95,15.47,14.64,56219,1945万,5.37%,2.09
2006-12-13,14.90,14.95,15.06,14.59,32534,1108万,3.13%,1.21
2006-12-14,14.80,15.16,15.47,14.80,37153,1294万,4.51%,1.38
2006-12-15,15.11,15.73,16.46,15.06,70121,2541万,9.25%,2.6
2006-12-18,15.89,16.09,16.41,15.78,58620,2138万,3.96%,2.18
2006-12-19,16.20,15.83,16.20,15.31,62462,2229万,5.48%,2.32
2006-12-20,15.63,16.30,16.35,15.26,91673,3330万,6.89%,3.4
2006-12-21,16.35,16.04,16.66,15.26,98741,3665万,8.60%,3.67
2006-12-22,15.89,16.04,16.35,15.57,51188,1858万,4.86%,1.9
2006-12-25,16.04,15.68,16.20,15.47,58125,2102万,4.53%,2.16
2006-12-26,15.68,14.95,15.73,14.80,48273,1686万,5.96%,1.79
2006-12-27,14.95,14.95,14.95,14.54,55142,1874万,2.78%,2.05
2006-12-28,14.95,14.12,14.95,14.02,69834,2317万,6.25%,2.59
2006-12-29,14.22,14.28,14.59,14.22,60046,1999万,2.57%,2.23
2007-01-04,14.54,14.38,14.95,14.12,63463,2132万,5.82%,2.36
2007-01-05,14.22,14.90,14.90,14.22,44551,1504万,4.69%,1.65
2007-01-08,14.90,15.63,15.78,14.69,76068,2666万,7.32%,2.82
2007-01-09,15.63,16.15,16.20,15.47,100919,3676万,4.65%,3.75
2007-01-10,16.15,17.24,17.24,15.94,174097,6581万,8.04%,6.46
2007-01-11,17.24,17.50,18.22,16.82,220332,8694万,8.13%,8.18
2007-01-12,17.34,16.15,18.01,15.68,142730,5469万,13.36%,5.3
2007-01-15,16.09,17.44,17.50,15.94,115028,4405万,9.65%,4.27
2007-01-16,17.34,19.05,19.42,17.34,298110,1.23亿,11.91%,11.07
2007-01-17,18.90,18.85,20.04,18.17,295147,1.26亿,9.81%,10.96
2007-01-18,18.79,19.00,19.36,17.81,163169,6723万,8.27%,6.06
2007-01-19,19.00,19.52,19.94,18.85,178029,7616万,5.74%,6.61
2007-01-22,19.73,20.92,21.49,19.31,280729,1.26亿,11.17%,10.42
2007-01-23,20.77,20.14,20.82,19.47,191840,8504万,6.45%,7.12
2007-01-24,20.14,20.25,20.51,19.62,147738,6560万,4.38%,5.49
2007-01-25,19.94,18.38,19.94,18.33,155203,6556万,7.95%,5.76
2007-01-26,18.17,18.12,18.38,16.82,131633,5217万,8.48%,4.89
2007-01-29,18.01,19.16,19.31,18.01,116812,4860万,7.16%,4.34
2007-01-30,19.11,20.09,20.40,18.95,219797,9613万,7.59%,8.16
2007-01-31,20.09,19.31,20.77,19.26,250939,1.12亿,7.49%,9.32
2007-02-01,19.05,20.30,20.35,18.38,152439,6622万,10.22%,5.66
2007-02-02,20.46,20.25,21.39,20.04,240977,1.10亿,6.65%,8.95
2007-02-05,20.25,20.04,21.13,19.94,146605,6640万,5.90%,5.44
2007-02-06,20.25,20.77,21.08,19.52,177773,7978万,7.77%,6.6
2007-02-07,20.87,22.84,23.16,20.51,383254,1.84亿,12.75%,14.23
2007-02-08,22.32,22.58,23.47,22.06,257793,1.27亿,6.14%,9.57
2007-02-09,22.58,22.90,23.05,22.22,129391,6379万,3.68%,4.8
2007-02-12,23.31,23.00,23.99,22.84,155975,7881万,4.99%,5.79
2007-02-13,23.05,23.05,23.41,22.27,138909,6873万,4.97%,5.16
2007-02-14,22.95,23.83,23.88,22.53,179729,9101万,5.86%,6.67
2007-02-15,24.51,26.53,26.53,24.09,276292,1.50亿,10.24%,10.26
2007-02-16,26.74,27.62,29.49,26.63,316471,1.89亿,10.76%,11.75
2007-02-26,27.98,28.56,29.07,27.21,179529,1.07亿,6.77%,6.67
2007-02-27,28.50,25.39,28.50,25.39,243610,1.39亿,10.91%,9.04
2007-02-28,24.35,26.17,26.58,23.05,177542,9492万,13.91%,6.59
2007-03-01,26.17,25.02,26.17,23.26,168708,8943万,11.11%,6.26
2007-03-02,24.87,27.57,27.78,24.45,232600,1.32亿,13.28%,8.64
2007-03-05,27.21,26.53,27.47,25.13,162917,9249万,8.48%,6.05
2007-03-06,26.27,26.43,27.31,25.44,91444,5170万,7.05%,3.4
2007-03-07,26.48,27.52,27.72,26.27,119873,6935万,5.50%,4.45
2007-03-08,27.47,28.14,29.02,27.26,179600,1.08亿,6.42%,6.67
2007-03-09,28.35,27.05,28.35,26.63,133362,7775万,6.09%,4.95
2007-03-12,27.05,27.83,27.98,25.96,134746,7710万,7.49%,5
2007-03-13,27.78,29.80,30.84,27.41,267521,1.67亿,12.31%,9.93
2007-03-14,29.28,30.27,31.36,28.30,264025,1.69亿,10.28%,9.8
2007-03-15,30.79,31.31,31.72,29.80,232615,1.52亿,6.35%,8.64
2007-03-16,31.62,31.83,33.80,31.05,248342,1.69亿,8.79%,9.22
2007-03-19,30.32,35.31,35.31,29.91,313266,2.21亿,16.97%,11.63
2007-03-20,35.20,35.25,37.38,34.94,276228,2.07亿,6.91%,10.26
2007-03-21,35.36,35.51,36.03,34.22,196407,1.44亿,5.16%,7.29
2007-03-22,35.51,34.53,35.77,34.22,165570,1.20亿,4.39%,6.15
2007-03-23,34.47,34.89,35.10,32.92,198451,1.41亿,6.32%,7.37
2007-03-26,34.99,36.45,36.97,34.37,171994,1.28亿,7.44%,6.39
2007-03-27,36.24,36.29,36.86,35.36,160797,1.20亿,4.13%,5.97
2007-03-28,36.24,38.73,39.51,34.99,382973,2.99亿,12.45%,14.22
2007-03-29,38.63,35.51,39.36,35.41,208246,1.61亿,10.19%,7.73
2007-03-30,35.41,36.14,36.45,34.99,104650,7800万,4.09%,3.89
2007-04-02,35.98,37.33,37.75,35.67,155464,1.19亿,5.75%,5.77
2007-04-03,37.38,39.51,40.60,36.86,313274,2.50亿,10.01%,11.63
2007-04-04,39.04,38.32,39.62,38.11,169933,1.36亿,3.81%,6.31
2007-04-05,38.11,38.37,38.99,37.59,117772,9335万,3.66%,4.37
2007-04-06,38.01,38.01,38.89,37.59,143948,1.14亿,3.38%,5.34
2007-04-09,37.95,38.01,38.89,37.59,159577,1.26亿,3.42%,5.92
2007-04-10,38.11,37.28,38.58,36.29,155373,1.20亿,6.01%,5.77
2007-04-11,37.59,38.47,39.10,36.50,203779,1.60亿,6.96%,7.57
2007-04-12,38.21,39.82,40.60,38.11,257609,2.11亿,6.48%,9.56
2007-04-13,39.67,38.53,40.65,38.37,218897,1.80亿,5.74%,8.13
2007-04-16,38.53,41.80,42.52,38.21,291605,2.41亿,11.19%,10.83
2007-04-17,42.26,42.94,43.20,40.19,323208,2.76亿,7.21%,12
2007-04-18,42.78,43.20,43.72,41.90,222549,1.96亿,4.23%,8.26
2007-04-19,42.26,41.48,43.61,38.58,240277,2.04亿,11.66%,8.92
2007-04-20,41.74,43.98,44.65,41.74,284734,2.54亿,7.01%,10.57
2007-04-23,43.98,45.43,46.26,43.77,199269,1.85亿,5.67%,7.4
2007-04-24,45.48,47.30,48.08,44.24,322839,3.04亿,8.46%,11.99
2007-04-25,47.46,46.89,48.86,45.85,254686,2.47亿,6.37%,9.46
2007-04-26,45.12,45.28,46.89,44.91,159628,1.49亿,4.21%,5.93
2007-04-27,45.38,45.95,46.83,44.91,176772,1.66亿,4.24%,6.56
2007-04-30,45.43,50.83,50.83,45.28,386185,3.82亿,12.09%,14.34
2007-05-08,53.74,56.23,56.23,51.87,505820,5.61亿,8.58%,18.78
2007-05-09,56.54,56.34,61.42,53.48,431348,5.01亿,14.13%,16.02
2007-05-10,56.28,54.73,56.28,53.69,201394,2.23亿,4.61%,7.48
2007-05-11,54.26,52.91,54.26,50.57,250207,2.66亿,6.74%,9.29
2007-05-14,51.82,52.44,54.05,50.99,148230,1.59亿,5.79%,5.5
2007-05-15,52.39,49.01,53.84,48.86,173823,1.82亿,9.51%,6.45
2007-05-17,51.87,52.96,53.43,51.61,166388,1.78亿,3.71%,6.18
2007-05-18,52.44,51.66,52.86,51.35,117202,1.24亿,2.84%,4.35
2007-05-21,49.22,51.45,52.49,48.49,177085,1.84亿,7.74%,6.57
2007-05-22,52.03,54.73,55.66,51.61,265829,2.91亿,7.87%,9.87
2007-05-23,56.28,57.06,57.69,55.09,316492,3.61亿,4.74%,11.75
2007-05-24,57.06,55.61,57.84,54.26,239825,2.71亿,6.28%,8.9
2007-05-25,55.61,56.23,57.32,54.73,214928,2.44亿,4.67%,7.98
2007-05-28,56.80,56.59,57.58,55.82,251316,2.88亿,3.14%,9.33
2007-05-29,56.80,59.87,60.18,55.56,385405,4.50亿,8.17%,14.31
2007-05-30,53.69,53.58,58.62,53.58,340655,3.87亿,8.41%,12.65
2007-05-31,52.39,48.29,52.39,47.92,222227,2.21亿,8.33%,8.25
2007-06-01,47.20,43.15,48.96,43.15,178056,1.63亿,12.04%,6.61
2007-06-04,41.23,38.53,41.74,38.53,57077,4622万,7.46%,2.12
2007-06-05,34.37,37.28,37.59,34.37,215681,1.57亿,8.36%,8.01
2007-06-06,37.23,36.86,38.63,34.37,242710,1.85亿,11.42%,9.01
2007-06-07,37.07,40.86,40.86,36.03,266068,2.13亿,13.10%,9.88
2007-06-08,41.17,41.64,43.77,40.86,333729,2.91亿,7.12%,12.39
2007-06-11,41.23,41.28,42.78,40.91,173523,1.50亿,4.49%,6.44
2007-06-12,41.28,44.13,45.69,36.86,276719,2.39亿,21.39%,10.27
2007-06-13,43.20,45.12,46.73,42.73,268078,2.46亿,9.06%,9.95
2007-06-14,44.13,42.78,44.86,42.52,158572,1.42亿,5.18%,5.89
2007-06-15,42.52,42.37,44.39,41.80,129209,1.14亿,6.07%,4.8
2007-06-18,43.82,44.70,45.69,43.20,201859,1.84亿,5.88%,7.49
2007-06-19,44.55,45.53,46.26,43.72,200664,1.86亿,5.69%,7.45
2007-06-20,45.43,43.61,46.83,42.78,205845,1.91亿,8.89%,7.64
2007-06-21,42.94,45.95,46.42,41.80,182732,1.64亿,10.60%,6.78
2007-06-22,46.00,41.07,46.05,41.07,158828,1.42亿,10.85%,5.9
2007-06-25,42.11,36.71,42.52,36.66,189554,1.55亿,14.29%,7.04
2007-06-26,35.51,37.59,37.69,33.23,125681,9127万,12.17%,4.67
2007-06-27,37.69,38.01,38.63,36.55,120940,9437万,5.53%,4.49
2007-06-28,37.64,33.90,38.01,33.90,112332,8289万,10.79%,4.17
2007-06-29,31.36,30.22,32.81,30.22,126522,8261万,7.66%,4.7
2007-07-02,29.80,31.36,31.62,28.76,81806,5249万,9.45%,3.04
2007-07-03,31.88,31.05,32.24,29.70,69788,4560万,8.11%,2.59
2007-07-04,31.26,29.49,31.36,29.28,47804,3055万,6.69%,1.77
2007-07-05,29.28,26.79,30.17,26.63,89526,5492万,11.97%,3.32
2007-07-06,27.31,29.75,29.75,26.69,109193,6577万,11.44%,4.05
2007-07-09,30.68,30.68,31.36,29.75,113576,7328万,5.41%,4.22
2007-07-10,30.42,31.41,32.40,29.54,124869,8148万,9.31%,4.64
2007-07-11,30.84,31.77,32.40,30.37,75832,5030万,6.45%,2.82
2007-07-12,31.83,33.28,33.70,30.94,163946,1.12亿,8.66%,6.09
2007-07-13,33.59,33.38,33.96,32.35,155085,1.08亿,4.84%,5.76
2007-07-16,33.80,31.36,34.37,31.36,104327,7208万,9.02%,3.87
2007-07-17,31.31,32.09,33.18,29.96,72889,4842万,10.27%,2.71
2007-07-18,31.77,31.88,32.40,30.68,72284,4794万,5.34%,2.68
2007-07-19,31.93,31.62,33.38,31.36,89958,6103万,6.35%,3.34
2007-07-20,31.88,33.07,33.44,31.67,108193,7457万,5.58%,4.02
2007-07-23,33.12,34.94,35.31,33.12,169122,1.22亿,6.59%,6.28
2007-07-24,35.57,34.84,36.55,34.42,149339,1.10亿,6.09%,5.54
2007-07-25,34.99,35.93,36.29,34.63,107313,7945万,4.77%,3.98
2007-07-26,36.08,36.86,37.33,35.46,131441,9993万,5.20%,4.88
2007-07-27,36.86,39.41,39.93,35.98,203159,1.61亿,10.71%,7.54
2007-07-30,39.10,39.30,40.34,38.73,166799,1.36亿,4.08%,6.19
2007-07-31,38.99,41.12,41.54,38.89,177858,1.48亿,6.74%,6.6
2007-08-01,41.33,38.37,41.59,37.54,194847,1.59亿,9.85%,7.23
2007-08-02,39.51,40.13,40.34,38.11,184865,1.51亿,5.82%,6.86
2007-08-03,40.19,39.72,40.60,39.15,125503,1.03亿,3.62%,4.66
2007-08-06,39.77,43.98,43.98,39.77,319850,2.83亿,10.59%,11.88
2007-08-07,45.33,47.14,48.65,44.34,425130,4.13亿,9.80%,15.78
2007-08-08,46.83,46.26,48.44,44.91,222696,2.13亿,7.49%,8.27
2007-08-09,45.95,50.88,51.19,45.85,245302,2.47亿,11.56%,9.11
2007-08-10,50.10,51.77,55.04,49.01,269358,2.88亿,11.84%,10
2007-08-13,52.13,51.56,54.00,50.05,171054,1.81亿,7.62%,6.35
2007-08-14,50.73,51.82,52.91,50.47,144431,1.51亿,4.73%,5.36
2007-08-15,51.51,53.32,53.48,50.21,143434,1.52亿,6.31%,5.33
2007-08-16,53.32,53.53,55.66,52.13,163244,1.79亿,6.62%,6.06
2007-08-17,53.12,53.22,55.50,51.92,117760,1.29亿,6.69%,4.37
2007-08-20,55.09,55.66,56.54,53.58,117243,1.32亿,5.56%,4.35
2007-08-21,55.71,53.69,56.08,52.65,149905,1.64亿,6.16%,5.57
2007-08-22,52.91,52.60,54.47,51.09,148551,1.58亿,6.29%,5.52
2007-08-23,52.13,54.10,54.88,50.99,145857,1.58亿,7.40%,5.42
2007-08-24,54.26,57.74,58.57,54.26,206230,2.38亿,7.97%,7.66
2007-08-27,56.80,61.16,62.00,56.34,301750,3.62亿,9.80%,8.36
2007-08-28,61.22,60.75,62.00,58.78,142547,1.74亿,5.26%,3.95
2007-08-29,60.07,63.97,66.93,58.67,246728,3.15亿,13.59%,6.84
2007-08-30,63.29,64.59,67.97,62.93,166482,2.21亿,7.87%,4.61
2007-08-31,65.11,64.38,66.05,63.35,122259,1.59亿,4.18%,3.39
2007-09-03,65.89,69.47,70.72,65.84,180361,2.49亿,7.58%,5
2007-09-04,69.47,68.54,72.22,68.02,148174,2.09亿,6.05%,4.11
2007-09-05,68.59,66.51,70.67,64.07,119933,1.62亿,9.62%,3.32
2007-09-06,66.93,67.66,69.26,66.25,104088,1.41亿,4.53%,2.88
2007-09-07,67.45,62.05,67.45,62.00,144888,1.88亿,8.06%,4.01
2007-09-10,61.22,64.07,66.67,59.92,146825,1.90亿,10.88%,4.07
2007-09-11,63.97,58.36,66.10,57.48,142784,1.81亿,13.45%,3.96
2007-09-12,59.40,62.10,62.41,55.76,195595,2.32亿,11.39%,5.42
2007-09-13,61.89,68.59,68.59,60.70,177000,2.38亿,12.71%,4.9
2007-09-14,71.60,73.99,74.98,70.72,246801,3.62亿,6.21%,6.84
2007-09-17,73.99,76.01,77.05,70.36,231792,3.45亿,9.05%,6.42
2007-09-18,77.05,73.52,77.52,72.38,168323,2.53亿,6.76%,4.66
2007-09-19,73.42,72.59,74.66,69.84,99850,1.44亿,6.57%,2.77
2007-09-20,72.33,72.64,74.77,72.28,80253,1.18亿,3.43%,2.22
2007-09-21,73.42,76.90,77.57,70.72,201600,3.02亿,9.44%,5.59
2007-09-24,78.09,76.07,80.69,75.50,141516,2.20亿,6.75%,3.92
2007-09-25,76.17,75.96,77.05,72.80,112739,1.69亿,5.60%,3.12
2007-09-26,76.48,68.07,76.48,68.07,189219,2.68亿,11.07%,5.24
2007-09-27,68.07,65.47,69.73,62.36,186954,2.45亿,10.83%,5.18
2007-09-28,65.84,65.94,67.71,64.12,113135,1.49亿,5.47%,3.14
2007-10-08,67.55,62.77,67.55,62.41,104417,1.34亿,7.80%,2.89
2007-10-09,63.09,64.64,65.89,58.78,130522,1.65亿,11.33%,3.62
2007-10-10,63.55,63.55,65.89,62.41,67578,8694万,5.38%,1.87
2007-10-11,63.03,61.89,65.53,60.96,72322,9094万,7.19%,2
2007-10-12,62.25,57.95,62.31,55.40,102054,1.20亿,11.16%,2.83
2007-10-15,56.80,55.82,57.84,55.24,86728,9873万,4.48%,2.4
2007-10-16,55.66,57.53,59.09,53.69,85389,9759万,9.67%,2.37
2007-10-17,57.63,58.57,59.61,56.44,57179,6783万,5.51%,1.58
2007-10-18,59.40,55.40,59.45,55.24,34367,3952万,7.18%,0.95
2007-10-19,55.76,56.49,57.32,54.78,36307,4120万,4.59%,1.01
2007-10-22,57.58,57.79,60.54,55.30,61734,7335万,9.28%,1.71
2007-10-23,58.15,59.14,60.18,56.18,41869,4964万,6.92%,1.16
2007-10-24,59.30,55.24,59.92,54.26,50432,5733万,9.57%,1.4
2007-10-25,54.21,49.43,54.21,49.43,52922,5438万,8.65%,1.47
2007-10-26,44.24,44.18,47.46,44.18,162429,1.48亿,6.62%,4.5
2007-10-29,43.30,45.79,46.00,39.72,112378,1.01亿,14.22%,3.11
2007-10-30,45.74,46.89,47.87,45.64,132557,1.27亿,4.88%,3.67
2007-10-31,47.35,49.38,49.95,45.90,128569,1.26亿,8.64%,3.56
2007-11-01,49.27,44.55,49.27,44.13,96201,9096万,10.41%,2.67
2007-11-02,44.34,40.71,44.34,39.98,100281,8592万,9.79%,2.78
2007-11-05,40.60,42.21,43.20,38.99,96216,8260万,10.33%,2.67
2007-11-06,42.26,42.32,43.56,40.71,60858,5290万,6.77%,1.69
2007-11-07,42.58,43.25,44.08,41.59,60921,5377万,5.89%,1.69
2007-11-08,42.58,40.24,43.35,39.98,59059,5049万,7.80%,1.64
2007-11-09,40.19,38.78,40.34,37.59,62139,5003万,6.84%,1.72
2007-11-12,38.27,39.15,39.67,36.34,54311,4295万,8.57%,1.51
2007-11-13,39.25,39.62,40.71,38.42,51579,4236万,5.84%,1.43
2007-11-14,39.72,41.54,41.64,39.41,73769,6193万,5.64%,2.04
2007-11-15,41.12,42.83,42.99,40.24,126230,1.09亿,6.63%,3.5
2007-11-16,42.00,42.89,42.94,41.23,73853,6408万,4.00%,2.05
2007-11-19,42.89,43.82,44.76,42.89,142365,1.28亿,4.36%,3.95
2007-11-20,43.35,43.30,44.34,42.58,72300,6444万,4.03%,2
2007-11-21,44.08,43.46,45.69,43.30,85478,7772万,5.52%,2.37
2007-11-22,41.23,39.62,43.25,39.04,57801,4906万,9.68%,1.6
2007-11-23,38.53,40.91,40.97,38.53,48238,3943万,6.16%,1.34
2007-11-26,41.23,39.67,41.69,39.15,44616,3735万,6.22%,1.24
2007-11-27,39.72,40.24,40.45,38.94,34215,2814万,3.80%,0.95
2007-11-28,40.19,39.82,40.71,39.41,32334,2664万,3.23%,0.9
2007-11-29,40.34,41.12,41.54,39.56,46442,3901万,4.95%,1.29
2007-11-30,40.91,39.72,40.97,39.10,36596,3019万,4.55%,1.01
2007-12-03,39.77,39.88,40.39,38.68,41853,3420万,4.31%,1.16
2007-12-04,39.82,40.39,40.86,39.41,41710,3459万,3.65%,1.16
2007-12-05,40.45,42.99,43.82,39.67,110403,9528万,10.28%,3.06
2007-12-06,43.46,43.87,45.38,42.99,138822,1.25亿,5.56%,3.85
2007-12-07,43.72,43.82,44.24,43.30,63340,5701万,2.13%,1.76
2007-12-10,43.25,44.76,45.48,42.68,123036,1.13亿,6.40%,3.41
2007-12-11,45.17,46.31,46.83,44.03,139451,1.30亿,6.26%,3.86
2007-12-12,45.79,46.11,47.25,45.38,95862,9125万,4.04%,2.66
2007-12-13,45.90,43.51,46.94,43.30,98455,9054万,7.88%,2.73
2007-12-14,43.15,45.07,45.22,42.00,69297,6216万,7.40%,1.92
2007-12-17,45.43,46.83,48.44,45.12,156025,1.50亿,7.37%,4.32
2007-12-18,46.83,45.85,47.87,45.53,75810,7217万,4.99%,2.1
2007-12-19,46.21,46.57,47.46,46.05,68073,6519万,3.06%,1.89
2007-12-20,47.25,50.05,50.83,46.68,191107,1.90亿,8.92%,5.3
2007-12-21,50.16,52.13,52.60,50.05,248620,2.59亿,5.08%,6.89
2007-12-24,52.91,52.54,53.22,51.51,164565,1.74亿,3.29%,4.56
2007-12-25,52.34,52.49,53.17,51.51,74893,7969万,3.16%,2.08
2007-12-26,52.49,54.83,55.24,52.18,107583,1.19亿,5.84%,2.98
2007-12-27,55.24,54.31,56.18,53.27,121997,1.36亿,5.30%,3.38
2007-12-28,53.74,52.75,54.78,52.49,115412,1.25亿,4.21%,3.2
2008-01-02,52.75,58.31,58.31,52.65,135772,1.57亿,10.73%,3.76
2008-01-03,60.33,58.41,60.54,58.31,190138,2.27亿,3.83%,5.27
2008-01-04,58.36,58.10,58.78,56.18,108231,1.26亿,4.44%,3
2008-01-07,58.10,59.30,61.48,58.10,109499,1.32亿,5.81%,3.03
2008-01-08,59.40,56.08,59.81,55.24,148541,1.72亿,7.71%,4.12
2008-01-09,55.50,56.91,57.53,55.14,82048,9352万,4.26%,2.27
2008-01-10,56.85,59.66,59.76,55.82,170057,2.01亿,6.93%,4.71
2008-01-11,60.49,58.78,60.85,57.84,162221,1.94亿,5.05%,4.5
2008-01-14,58.46,59.40,59.92,58.46,89479,1.07亿,2.47%,2.48
2008-01-15,59.66,61.58,62.00,58.62,169736,2.07亿,5.68%,4.7
2008-01-16,61.74,61.74,63.40,60.44,212091,2.66亿,4.81%,5.88
2008-01-17,60.44,57.43,62.00,55.30,160287,1.90亿,10.85%,4.44
2008-01-18,57.48,55.92,58.41,54.62,94727,1.08亿,6.60%,2.62
2008-01-21,57.32,53.84,57.32,52.13,129638,1.45亿,9.29%,3.59
2008-01-22,53.38,48.18,53.38,48.18,104628,1.05亿,9.64%,2.9
2008-01-23,46.00,49.74,50.16,45.38,120226,1.19亿,9.91%,3.33
2008-01-24,50.31,50.21,50.99,48.49,137916,1.40亿,5.01%,3.82
2008-01-25,49.79,52.23,52.54,48.91,142660,1.47亿,7.24%,3.95
2008-01-28,52.23,48.81,52.23,46.73,140606,1.39亿,10.54%,3.9
2008-01-29,48.81,49.84,50.47,48.39,117308,1.19亿,4.26%,3.25
2008-01-30,50.36,49.12,50.57,47.51,55700,5625万,6.15%,1.54
2008-01-31,48.75,45.90,50.00,45.69,44289,4325万,8.77%,1.23
2008-02-01,46.05,41.64,47.40,41.02,67365,5926万,13.91%,1.87
2008-02-04,42.42,45.69,45.79,42.42,49669,4522万,8.11%,1.38
2008-02-05,45.38,45.90,47.20,44.03,45011,4255万,6.93%,1.25
2008-02-13,45.38,45.22,46.78,44.65,26119,2452万,4.64%,0.72
2008-02-14,45.48,45.95,46.37,45.17,31047,2917万,2.64%,0.86
2008-02-15,45.64,44.91,45.90,43.30,41902,3822万,5.65%,1.16
2008-02-18,45.48,46.73,47.87,45.12,55996,5341万,6.13%,1.55
2008-02-19,46.63,48.03,48.49,46.26,51022,4973万,4.78%,1.41
2008-02-20,48.29,47.66,49.27,47.51,47367,4660万,3.68%,1.31
2008-02-21,46.94,48.44,49.01,45.90,62755,6130万,6.54%,1.74
2008-02-25,47.04,44.24,47.98,43.82,56305,5241万,8.58%,1.56
2008-02-26,45.12,46.83,46.94,43.82,59667,5516万,7.04%,1.65
2008-02-27,47.14,48.91,49.12,46.00,84256,8248万,6.65%,2.33
2008-02-28,49.53,48.55,50.00,48.08,98166,9831万,3.93%,2.72
2008-02-29,48.60,48.55,49.38,48.13,42319,4202万,2.57%,1.17
2008-03-03,48.44,50.10,50.31,47.51,76925,7734万,5.78%,2.13
2008-03-04,50.05,50.21,50.94,49.69,83688,8575万,2.49%,2.32
2008-03-05,50.05,51.66,52.75,49.79,135542,1.42亿,5.89%,3.76
2008-03-06,51.92,51.77,53.01,50.62,91576,9659万,4.62%,2.54
2008-03-07,51.25,49.64,52.60,49.53,60890,6296万,5.92%,1.69
2008-03-10,49.12,46.16,49.53,45.79,63874,6170万,7.53%,1.77
2008-03-11,45.53,46.99,47.20,44.65,41684,3928万,5.51%,1.16
2008-03-12,47.77,44.96,48.24,44.91,38904,3695万,7.07%,1.08
2008-03-13,44.76,41.90,44.76,40.45,59360,5225万,9.58%,1.64
2008-03-14,41.74,42.26,43.04,41.43,28038,2431万,3.84%,0.78
2008-03-17,42.26,37.80,42.26,37.75,41050,3354万,10.69%,1.14
2008-03-18,37.07,34.32,38.78,33.75,44984,3355万,13.33%,1.25
2008-03-19,35.05,36.97,37.59,34.99,47486,3589万,7.57%,1.32
2008-03-20,36.40,40.91,40.97,35.51,99986,8133万,14.75%,2.77
2008-03-21,40.71,40.86,43.15,39.67,92542,7958万,8.50%,2.56
2008-03-24,40.91,39.41,42.00,38.94,43387,3658万,7.50%,1.2
2008-03-25,38.53,40.45,40.91,37.90,30715,2515万,7.64%,0.85
2008-03-26,40.71,39.93,41.69,39.20,23668,1976万,6.16%,0.66
2008-03-27,39.25,36.55,39.25,36.34,34745,2722万,7.28%,0.96
2008-03-28,36.03,39.25,39.67,34.99,50454,3976万,12.79%,1.4
2008-03-31,37.59,37.59,39.62,36.71,38712,3077万,7.41%,1.07
2008-04-01,37.33,34.01,38.32,33.85,39874,2919万,11.88%,1.1
2008-04-02,34.47,31.41,34.99,30.74,43759,3001万,12.52%,1.21
2008-04-03,31.52,32.71,33.18,30.22,34048,2258万,9.42%,0.94
2008-04-07,32.14,34.42,34.79,31.52,33852,2390万,10.00%,0.94
2008-04-08,34.01,36.50,37.49,33.64,63016,4636万,11.16%,1.75
2008-04-09,36.03,33.12,36.81,32.92,45833,3367万,10.67%,1.27
2008-04-10,32.29,34.79,35.41,31.72,42520,3009万,11.13%,1.18
2008-04-11,34.84,35.15,35.93,34.27,34494,2520万,4.78%,0.96
2008-04-14,33.96,32.71,34.47,32.03,31934,2228万,6.94%,0.88
2008-04-15,32.71,33.75,33.85,31.77,18829,1298万,6.35%,0.52
2008-04-16,33.96,32.66,33.96,32.40,14091,980万,4.62%,0.39
2008-04-17,32.40,30.68,33.44,30.32,22450,1491万,9.54%,0.62
2008-04-18,30.89,27.41,30.89,27.31,34061,2063万,11.68%,0.94
2008-04-21,30.42,26.74,30.42,25.80,43384,2571万,16.86%,1.2
2008-04-22,26.69,26.06,26.69,24.09,28982,1588万,9.71%,0.8
2008-04-23,25.96,27.05,27.41,25.13,30458,1745万,8.77%,0.84
2008-04-25,30.06,30.06,30.06,29.28,120688,7653万,2.88%,3.34
2008-04-28,30.79,31.31,31.77,30.11,149811,9798万,5.53%,4.15
2008-04-29,31.36,31.46,31.77,30.32,74639,4870万,4.64%,2.07
2008-04-30,31.62,32.55,32.71,31.31,82196,5541万,4.46%,2.28
2008-05-05,32.66,33.96,34.06,32.40,80279,5582万,5.10%,2.22
2008-05-06,33.23,32.81,33.70,32.45,62612,4338万,3.67%,1.74
2008-05-07,32.76,30.42,33.07,30.37,60318,4034万,8.23%,1.67
2008-05-08,30.27,31.31,31.36,29.80,37856,2458万,5.12%,1.05
2008-05-09,31.41,31.20,31.98,30.48,46447,3056万,4.81%,1.29
2008-05-12,30.84,31.46,31.98,29.80,50258,3266万,6.99%,1.39
2008-05-13,30.06,31.05,31.41,29.80,60311,3892万,5.12%,1.67
2008-05-14,30.84,34.42,34.42,30.84,108472,7573万,11.54%,3.01
2008-05-15,34.99,32.97,35.31,32.81,126779,9006万,7.24%,3.51
2008-05-16,32.92,32.50,34.27,31.88,53487,3702万,7.24%,1.48
2008-05-19,32.35,32.71,32.81,31.93,32827,2234万,2.72%,0.91
2008-05-20,32.71,29.39,33.23,29.28,51502,3386万,12.06%,1.43
2008-05-21,29.39,30.27,30.74,27.72,45927,2839万,10.25%,1.27
2008-05-22,30.17,29.85,30.94,29.54,33144,2114万,4.63%,0.92
2008-05-23,29.44,29.33,29.80,28.35,34224,2117万,4.87%,0.95
2008-05-26,28.50,28.30,29.18,28.24,27408,1662万,3.19%,0.76
2008-05-27,28.35,28.71,29.07,28.24,17428,1058万,2.94%,0.48
2008-05-28,29.02,29.75,30.22,28.45,25739,1605万,6.15%,0.71
2008-05-29,29.70,28.50,29.75,28.50,23740,1464万,4.19%,0.66
2008-05-30,28.56,28.82,28.97,28.19,20410,1235万,2.73%,0.57
2008-06-02,28.24,28.87,29.23,28.24,20729,1260万,3.42%,0.57
2008-06-03,28.87,29.18,29.28,28.24,34402,2088万,3.60%,0.95
2008-06-04,28.82,28.56,29.02,28.30,17804,1077万,2.49%,0.49
2008-06-05,28.30,27.88,28.82,27.72,19146,1147万,3.82%,0.53
2008-06-06,28.14,27.93,28.30,27.67,14226,844万,2.23%,0.39
2008-06-10,26.69,24.87,27.00,24.87,24328,1331万,7.62%,0.67
2008-06-11,24.66,23.67,24.66,23.10,22332,1149万,6.26%,0.62
2008-06-12,23.88,23.26,23.99,22.38,24340,1221万,6.80%,0.67
2008-06-13,23.47,22.53,23.52,22.32,19083,944万,5.13%,0.53
2008-06-16,22.53,21.75,23.00,21.18,18721,897万,8.07%,0.52
2008-06-17,21.81,19.36,22.32,19.31,21086,956万,13.84%,0.58
2008-06-18,19.31,20.97,21.13,18.79,34988,1550万,12.07%,0.97
2008-06-19,20.71,18.59,21.23,18.59,31884,1391万,12.63%,0.88
2008-06-20,18.64,19.11,20.46,17.65,30454,1298万,15.09%,0.84
2008-06-23,19.31,19.11,19.68,18.74,15744,672万,4.89%,0.44
2008-06-25,20.25,21.29,21.29,19.88,39206,1808万,7.34%,1.09
2008-06-26,22.27,22.12,22.79,21.65,96571,4672万,5.37%,2.68
2008-06-27,20.97,19.73,21.08,19.62,50784,2269万,6.57%,1.41
2008-06-30,19.73,20.46,20.56,19.47,24893,1105万,5.53%,0.69
2008-07-01,20.46,19.68,21.08,19.57,16308,723万,7.36%,0.45
2008-07-02,19.83,20.25,20.61,19.73,20995,938万,4.49%,0.58
2008-07-03,19.94,20.97,21.70,19.57,38568,1765万,10.51%,1.07
2008-07-04,20.97,21.39,22.17,20.66,36910,1735万,7.18%,1.02
2008-07-07,21.39,23.26,23.57,21.39,58658,2921万,10.20%,1.63
2008-07-08,23.41,23.31,23.41,22.53,47523,2370万,3.80%,1.32
2008-07-09,23.21,23.83,23.88,23.05,64215,3271万,3.56%,1.78
2008-07-10,23.26,23.36,24.82,23.10,66282,3452万,7.19%,1.84
2008-07-11,23.05,22.74,23.47,22.01,35888,1771万,6.22%,0.99
2008-07-14,22.27,23.41,23.41,22.01,25124,1255万,6.17%,0.7
2008-07-15,23.47,22.69,23.93,22.53,36199,1821万,5.99%,1
2008-07-16,22.43,21.03,22.64,20.46,32375,1528万,9.61%,0.9
2008-07-17,21.49,20.66,21.96,20.51,18551,867万,6.91%,0.51
2008-07-18,20.77,21.55,21.86,20.04,20158,931万,8.80%,0.56
2008-07-21,21.60,22.53,22.79,21.49,25962,1261万,6.02%,0.72
2008-07-22,22.74,22.74,23.05,22.17,24511,1212万,3.92%,0.68
2008-07-23,23.05,22.84,23.36,22.74,37257,1863万,2.74%,1.03
2008-07-24,23.00,23.57,23.67,22.90,31310,1583万,3.41%,0.87
2008-07-25,23.26,23.00,23.36,22.69,25183,1260万,2.86%,0.7
2008-07-28,23.21,24.40,24.61,23.05,66658,3432万,6.77%,1.85
2008-07-29,24.40,23.93,24.87,23.62,80554,4218万,5.11%,2.23
2008-07-30,23.99,23.36,24.35,23.31,38143,1953万,4.34%,1.06
2008-07-31,23.52,22.48,23.83,22.38,26701,1322万,6.22%,0.74
2008-08-01,22.53,23.10,23.47,22.43,23568,1172万,4.62%,0.65
2008-08-04,23.05,22.95,23.78,22.53,29192,1464万,5.39%,0.81
2008-08-05,23.05,22.74,23.10,21.96,24215,1181万,4.98%,0.67
2008-08-06,23.16,22.58,23.31,22.27,32826,1623万,4.57%,0.91
2008-08-07,22.53,23.73,23.73,22.53,47051,2372万,5.29%,1.3
2008-08-08,23.83,21.08,23.99,21.08,44026,2137万,12.26%,1.22
2008-08-11,20.87,18.69,20.87,18.69,27840,1182万,10.35%,0.77
2008-08-12,18.22,17.55,18.22,16.51,32285,1261万,9.17%,0.89
2008-08-13,17.34,16.98,17.76,15.68,23012,866万,11.84%,0.64
2008-08-14,16.82,17.08,17.50,16.82,15380,595万,3.98%,0.43
2008-08-15,17.08,16.92,17.29,16.66,14438,555万,3.65%,0.4
2008-08-18,17.08,14.95,17.18,14.95,25756,921万,13.19%,0.71
2008-08-19,14.28,15.21,15.37,14.28,18690,642万,7.29%,0.52
2008-08-20,15.16,16.87,17.03,14.54,38331,1414万,16.39%,1.06
2008-08-21,16.20,15.63,17.03,15.52,26467,975万,8.92%,0.73
2008-08-22,15.63,15.68,16.46,15.26,21283,771万,7.64%,0.59
2008-08-25,15.68,15.47,15.83,14.90,14984,531万,5.96%,0.42
2008-08-26,15.26,13.86,15.31,13.76,22671,752万,10.07%,0.63
2008-08-27,13.86,13.91,14.48,13.55,17845,582万,6.74%,0.44
2008-08-28,14.17,14.02,14.22,13.76,14066,457万,3.36%,0.35
2008-08-29,14.07,14.59,14.90,14.07,20208,678万,5.93%,0.5
2008-09-01,14.59,15.00,15.42,14.17,26853,915万,8.54%,0.67
2008-09-02,14.64,15.83,15.89,14.64,33436,1180万,8.31%,0.83
2008-09-03,15.63,15.73,16.46,15.26,29271,1050万,7.54%,0.73
2008-09-04,15.52,15.31,15.83,14.80,18878,666万,6.60%,0.47
2008-09-05,14.64,14.33,15.00,14.28,13506,456万,4.75%,0.34
2008-09-08,14.64,13.96,15.00,13.86,16200,533万,7.97%,0.4
2008-09-09,13.96,14.33,14.59,13.96,11594,383万,4.46%,0.29
2008-09-10,14.22,14.54,14.95,13.76,17894,601万,8.34%,0.44
2008-09-11,14.38,14.22,14.74,14.07,10877,360万,4.64%,0.27
2008-09-12,14.22,14.17,14.48,14.02,7083,234万,3.29%,0.18
2008-09-16,14.12,13.60,14.17,13.55,18369,592万,4.40%,0.46
2008-09-17,13.91,13.19,13.91,13.08,12604,397万,6.11%,0.31
2008-09-18,12.67,13.13,13.19,11.58,30892,914万,12.21%,0.77
2008-09-19,14.74,14.74,14.74,14.22,37948,1286万,3.95%,0.94
2008-09-22,15.57,15.47,16.51,14.85,67564,2429万,11.27%,1.68
2008-09-23,14.74,13.86,15.00,13.76,30848,1029万,8.06%,0.77
2008-09-24,13.81,14.48,14.54,13.24,18231,596万,9.37%,0.45
2008-09-25,14.38,14.74,15.21,14.38,28763,979万,5.74%,0.71
2008-09-26,14.80,14.59,15.00,14.12,20838,702万,5.99%,0.52
2008-10-06,14.02,13.55,14.33,13.45,17049,551万,6.05%,0.42
2008-10-07,13.29,13.29,13.50,12.93,16069,499万,4.22%,0.4
2008-10-08,12.72,12.98,13.29,12.72,9188,282万,4.30%,0.23
2008-10-09,13.19,12.77,13.55,12.61,14518,444万,7.20%,0.36
2008-10-10,12.15,11.73,12.41,11.63,21350,611万,6.10%,0.53
2008-10-13,11.68,12.25,12.30,11.26,16102,456万,8.85%,0.4
2008-10-14,12.67,11.84,12.87,11.84,20625,612万,8.48%,0.51
2008-10-15,11.84,11.99,12.10,11.63,12693,361万,3.95%,0.32
2008-10-16,11.32,11.26,11.63,11.06,11799,324万,4.76%,0.29
2008-10-17,11.37,11.21,11.63,11.06,17952,489万,5.07%,0.45
2008-10-20,11.21,11.78,12.10,11.16,14879,418万,8.34%,0.37
2008-10-21,11.99,11.68,12.10,11.63,15568,443万,3.97%,0.39
2008-10-22,11.58,11.78,12.41,11.37,22735,652万,8.89%,0.56
2008-10-23,11.52,12.10,12.10,11.37,18237,518万,6.17%,0.45
2008-10-24,12.15,11.78,12.56,11.63,16494,472万,7.73%,0.41
2008-10-27,11.37,10.33,11.78,10.33,23689,631万,12.34%,0.59
2008-10-28,10.28,10.80,10.85,9.97,17150,442万,8.55%,0.43
2008-10-29,11.06,10.07,11.11,10.07,15629,407万,9.62%,0.39
2008-10-30,10.23,10.23,10.54,10.07,10532,266万,4.64%,0.26
2008-10-31,10.23,9.60,10.38,9.45,11818,290万,9.14%,0.29
2008-11-03,9.60,9.19,9.81,9.08,7274,173万,7.57%,0.18
2008-11-04,9.08,9.08,9.34,8.77,9085,209万,6.22%,0.23
2008-11-05,9.08,9.60,9.71,9.08,20418,485万,6.86%,0.51
2008-11-06,9.19,9.24,9.34,9.03,9271,216万,3.24%,0.23
2008-11-07,9.14,9.60,9.65,8.93,14908,355万,7.87%,0.37
2008-11-10,9.81,10.64,10.75,9.71,32645,830万,10.81%,0.81
2008-11-11,10.59,10.80,11.11,10.23,40682,1067万,8.30%,1.01
2008-11-12,10.80,11.06,11.06,10.59,28114,746万,4.33%,0.7
2008-11-13,10.85,12.46,12.46,10.64,115630,3347万,16.44%,2.87
2008-11-14,12.56,13.24,13.34,11.94,132266,3918万,11.25%,3.29
2008-11-17,12.93,13.45,13.65,12.61,99691,3081万,7.85%,2.48
2008-11-18,13.08,11.84,13.29,11.84,78606,2317万,10.81%,1.95
2008-11-19,11.47,12.67,12.72,11.42,52187,1517万,10.97%,1.3
2008-11-20,12.30,12.56,12.87,12.15,62415,1859万,5.74%,1.55
2008-11-21,12.15,12.10,12.61,11.32,47984,1379万,10.33%,1.19
2008-11-24,12.10,11.68,12.72,11.63,41647,1213万,9.02%,1.03
2008-11-25,11.89,11.47,12.20,11.16,23096,645万,8.89%,0.57
2008-11-26,11.42,11.63,11.94,11.32,15903,446万,5.43%,0.4
2008-11-27,12.72,11.84,12.72,11.78,40191,1174万,8.04%,1
2008-11-28,11.68,12.35,12.35,11.32,48838,1403万,8.77%,1.21
2008-12-01,12.15,13.08,13.13,12.15,92708,2812万,7.99%,2.3
2008-12-02,12.67,12.93,13.39,12.46,74070,2261万,7.14%,1.84
2008-12-03,13.13,13.50,13.50,12.93,81452,2538万,4.42%,2.02
2008-12-04,13.55,13.19,14.02,13.08,105330,3344万,6.92%,2.62
2008-12-05,13.19,13.76,13.81,12.98,64028,2002万,6.30%,1.59
2008-12-08,13.91,14.69,15.00,13.91,127103,4259万,7.93%,3.16
2008-12-09,14.54,13.91,14.95,13.91,81291,2714万,7.07%,2.02
2008-12-10,13.60,14.33,14.48,13.50,55248,1799万,7.09%,1.37
2008-12-11,14.22,13.60,14.48,13.50,50729,1652万,6.89%,1.26
2008-12-12,13.60,12.77,13.60,12.35,54441,1665万,9.16%,1.35
2008-12-15,13.03,13.13,13.24,12.67,30198,926万,4.47%,0.75
2008-12-16,13.03,13.34,13.34,12.41,36784,1117万,7.12%,0.91
2008-12-17,13.39,13.50,13.81,13.24,51732,1638万,4.28%,1.29
2008-12-18,13.39,13.96,14.12,13.24,76318,2458万,6.54%,1.9
2008-12-19,14.12,14.02,14.38,13.81,62876,2063万,4.09%,1.56
2008-12-22,13.86,14.33,14.48,13.76,57049,1878万,5.19%,1.42
2008-12-23,14.38,12.82,14.43,12.72,60851,1930万,11.96%,1.51
2008-12-24,12.30,12.87,13.24,12.30,45855,1391万,7.29%,1.14
2008-12-25,12.87,12.67,13.19,12.41,38086,1154万,6.05%,0.95
2008-12-26,12.25,12.20,12.87,12.20,29623,875万,5.33%,0.74
2008-12-29,12.25,12.15,12.35,11.73,18936,544万,5.11%,0.47
2008-12-30,12.15,11.68,12.35,11.63,22468,645万,5.98%,0.56
2008-12-31,11.84,11.47,11.99,11.47,16444,463万,4.45%,0.41
2009-01-05,11.78,12.15,12.15,11.68,18381,526万,4.07%,0.46
2009-01-06,12.15,12.77,12.82,11.94,38579,1144万,7.27%,0.96
2009-01-07,12.67,12.61,12.93,12.46,33938,1019万,3.66%,0.84
2009-01-08,12.41,12.15,12.46,11.89,23884,693万,4.53%,0.59
2009-01-09,11.94,12.46,12.51,11.94,18521,544万,4.70%,0.46
2009-01-12,12.46,12.72,12.93,12.41,34443,1040万,4.17%,0.86
2009-01-13,12.56,12.25,12.61,12.20,22108,653万,3.27%,0.55
2009-01-14,12.20,12.72,12.77,12.20,27394,813万,4.66%,0.68
2009-01-15,12.56,12.98,13.24,12.51,62879,1926万,5.72%,1.56
2009-01-16,13.08,13.76,13.81,13.03,103503,3270万,6.00%,2.57
2009-01-19,14.12,13.45,14.33,13.13,149591,4793万,8.68%,3.72
2009-01-20,13.45,13.45,13.60,13.08,45580,1421万,3.86%,1.13
2009-01-21,13.19,13.13,13.39,13.03,34980,1086万,2.70%,0.87
2009-01-22,13.24,13.24,13.34,12.98,34629,1072万,2.77%,0.86
2009-01-23,13.24,13.03,13.34,12.93,33246,1023万,3.14%,0.83
2009-02-02,13.19,13.45,13.55,12.98,46787,1461万,4.38%,1.16
2009-02-03,13.39,13.91,13.96,13.29,87344,2807万,5.02%,2.17
2009-02-04,14.07,14.43,14.48,13.71,118088,3899万,5.60%,2.93
2009-02-05,14.38,13.96,14.59,13.76,96484,3174万,5.76%,2.4
2009-02-06,14.07,14.95,15.16,14.02,147285,5009万,8.18%,3.66
2009-02-09,15.11,16.09,16.20,14.74,160661,5627万,9.72%,3.99
2009-02-10,15.73,16.30,16.41,15.47,139483,5033万,5.81%,3.47
2009-02-11,15.83,15.89,16.56,15.42,137291,5017万,7.01%,3.41
2009-02-12,15.94,16.77,16.82,15.37,163154,6026万,9.15%,4.05
2009-02-13,16.77,17.55,17.86,16.46,160597,6270万,8.36%,3.99
2009-02-16,17.81,18.22,18.27,17.13,150222,5979万,6.51%,3.73
2009-02-17,18.22,16.82,18.22,16.77,129852,5058万,7.98%,3.23
2009-02-18,16.46,15.52,16.72,15.47,104784,3830万,7.41%,2.6
2009-02-19,15.83,15.94,16.04,15.47,62734,2255万,3.68%,1.56
2009-02-20,15.94,16.72,16.77,15.52,74552,2764万,7.82%,1.85
2009-02-23,16.61,17.55,17.70,16.35,110341,4282万,8.08%,2.74
2009-02-24,17.24,16.72,18.12,16.61,147119,5754万,8.58%,3.66
2009-02-25,17.03,18.69,18.69,16.82,200988,8195万,11.18%,4.99
2009-02-26,19.42,16.92,19.68,16.51,348510,1.44亿,16.95%,8.66
2009-02-27,15.89,14.95,16.41,14.95,117585,4133万,8.59%,2.92
2009-03-02,14.43,14.90,15.31,14.22,73708,2517万,7.29%,1.83
2009-03-03,14.22,15.00,15.31,14.12,70326,2393万,8.02%,1.75
2009-03-04,14.95,15.99,16.04,14.95,97342,3483万,7.27%,2.42
2009-03-05,16.35,16.30,16.66,15.52,108412,3983万,7.14%,2.69
2009-03-06,15.94,16.09,16.20,15.68,53189,1932万,3.19%,1.32
2009-03-09,16.15,14.95,16.51,14.85,70187,2520万,10.32%,1.74
2009-03-10,14.74,15.37,15.47,14.48,42788,1483万,6.60%,1.06
2009-03-11,15.89,17.18,17.18,15.52,150594,5605万,10.81%,3.74
2009-03-12,16.72,16.56,16.92,15.83,144571,5374万,6.35%,3.59
2009-03-13,16.61,16.09,16.72,15.89,61347,2267万,5.02%,1.52
2009-03-16,16.15,15.99,16.25,15.47,43282,1563万,4.84%,1.08
2009-03-17,16.04,16.66,16.98,15.99,83026,3122万,6.17%,2.06
2009-03-18,16.72,16.87,17.60,16.56,124140,4778万,6.23%,3.08
2009-03-19,16.92,17.50,17.65,16.77,121626,4730万,5.23%,3.02
2009-03-20,17.34,17.13,17.44,16.82,83212,3209万,3.56%,2.07
2009-03-23,17.03,17.60,17.60,16.82,101276,3951万,4.55%,2.52
2009-03-24,17.65,18.17,18.27,17.34,127033,5045万,5.31%,3.16
2009-03-25,17.96,18.22,18.59,17.70,165334,6706万,4.86%,4.11
2009-03-26,18.38,18.33,18.43,17.34,207677,8372万,5.98%,5.16
2009-03-27,18.38,18.17,18.74,18.12,155546,6380万,3.40%,3.86
2009-03-30,18.07,17.81,18.27,17.65,94022,3763万,3.43%,2.34
2009-03-31,17.39,17.70,17.70,17.13,78543,3078万,3.21%,1.95
2009-04-01,17.76,18.07,18.27,17.70,87910,3546万,3.23%,2.18
2009-04-02,18.17,17.76,18.22,17.70,95839,3846万,2.87%,2.38
2009-04-03,17.91,17.39,18.01,17.29,71734,2832万,4.09%,1.78
2009-04-07,17.39,17.81,17.81,17.29,64673,2545万,2.99%,1.61
2009-04-08,17.70,17.08,18.01,17.08,75159,2974万,5.25%,1.87
2009-04-09,17.13,17.29,17.34,16.56,63381,2430万,4.56%,1.57
2009-04-10,17.24,17.86,18.07,17.18,93261,3714万,5.11%,2.32
2009-04-13,17.91,18.22,18.38,17.76,134752,5436万,3.49%,3.35
2009-04-14,18.12,18.22,18.33,17.91,89520,3627万,2.28%,2.22
2009-04-15,17.96,18.64,18.85,17.86,146391,6007万,5.41%,3.64
2009-04-16,18.53,18.95,19.57,18.22,198886,8385万,7.24%,4.94
2009-04-17,18.74,18.38,19.16,17.91,119291,4940万,6.58%,2.96
2009-04-20,18.27,19.21,19.31,18.07,156892,6575万,6.78%,3.9
2009-04-21,18.90,19.88,20.04,18.74,244122,1.06亿,6.76%,6.07
2009-04-22,19.73,18.17,19.94,17.65,218385,9217万,11.49%,5.43
2009-04-23,17.96,18.12,18.33,17.39,92225,3693万,5.14%,2.29
2009-04-24,18.22,17.55,18.27,17.39,83500,3342万,4.87%,2.07
2009-04-27,17.60,16.61,17.76,16.35,76841,2943万,7.99%,1.91
2009-04-28,16.56,17.03,17.03,16.41,40403,1536万,3.75%,1
2009-04-29,17.03,17.50,17.60,16.87,49954,1948万,4.27%,1.24
2009-04-30,17.60,17.76,17.86,17.44,63713,2522万,2.37%,1.58
2009-05-04,17.86,18.69,18.85,17.76,100185,4125万,6.14%,2.49
2009-05-05,18.74,19.11,19.26,18.48,146409,6179万,4.17%,3.64
2009-05-06,19.05,19.36,19.36,18.69,129570,5511万,3.53%,3.22
2009-05-07,19.36,19.05,19.36,18.38,140444,5880万,5.09%,3.49
2009-05-08,18.74,19.83,20.30,18.59,231473,1.00亿,8.99%,5.75
2009-05-11,19.73,18.38,20.14,18.38,156349,6677万,8.90%,3.88
2009-05-12,18.38,19.11,19.16,18.12,85128,3535万,5.65%,2.11
2009-05-13,19.11,19.68,20.14,18.85,155635,6734万,6.79%,3.87
2009-05-14,19.31,19.78,19.83,19.05,120458,5189万,3.96%,2.99
2009-05-15,19.78,20.25,20.35,19.36,184644,8142万,4.99%,4.59
2009-05-18,20.30,20.25,20.66,19.52,135494,5990万,5.64%,3.37
2009-05-19,20.25,20.20,20.71,19.73,152046,6773万,4.87%,3.78
2009-05-21,19.62,19.36,20.09,18.79,145029,6217万,6.43%,3.6
2009-05-22,19.16,19.68,19.78,18.90,94510,4059万,4.56%,2.35
2009-05-25,19.00,19.83,19.94,18.79,106081,4538万,5.81%,2.64
2009-05-26,19.94,20.09,20.87,19.94,247354,1.11亿,4.71%,6.15
2009-05-27,20.09,19.88,20.25,19.52,89724,3934万,3.62%,2.23
2009-06-01,19.99,20.09,20.46,19.78,103475,4596万,3.39%,2.57
2009-06-02,20.04,20.77,20.87,19.94,181242,8182万,4.65%,4.5
2009-06-03,20.87,20.77,20.97,20.40,114402,5193万,2.75%,2.84
2009-06-04,20.77,20.20,20.77,19.73,131941,5865万,5.00%,3.28
2009-06-05,20.14,20.92,21.29,20.14,217613,9978万,5.66%,5.41
2009-06-08,21.03,22.27,22.74,20.97,335894,1.60亿,8.44%,8.35
2009-06-09,22.27,22.79,23.00,21.44,292586,1.41亿,6.99%,7.27
2009-06-10,22.53,22.43,22.74,22.01,164817,8014万,3.19%,4.09
2009-06-11,22.22,23.16,23.57,22.12,246130,1.22亿,6.48%,6.12
2009-06-12,23.16,21.91,23.16,21.23,182013,8787万,8.30%,4.52
2009-06-15,21.91,22.32,22.43,21.39,86489,4147万,4.74%,2.15
2009-06-16,22.32,22.79,23.21,22.01,149375,7357万,5.35%,3.71
2009-06-17,22.74,22.79,22.95,22.17,98384,4845万,3.42%,2.44
2009-06-18,22.79,22.58,23.10,22.48,98959,4881万,2.73%,2.46
2009-06-19,22.48,22.90,23.05,22.01,148206,7266万,4.60%,3.68
2009-06-22,23.00,23.57,23.88,22.69,194997,9795万,5.22%,4.84
2009-06-23,23.31,23.47,24.51,23.05,362962,1.87亿,6.17%,9.02
2009-06-24,23.31,23.47,23.52,23.10,110373,5576万,1.77%,2.74
2009-06-25,23.41,22.69,23.47,22.64,139719,6961万,3.54%,3.47
2009-06-26,22.69,22.79,22.90,22.38,75264,3699万,2.29%,1.87
2009-06-29,22.79,22.64,22.90,22.48,70428,3467万,1.82%,1.75
2009-06-30,22.74,22.58,23.26,22.53,92861,4610万,3.21%,2.31
2009-07-01,22.58,23.00,23.16,22.48,80905,4029万,2.99%,2.01
2009-07-02,22.95,22.79,23.10,22.53,94584,4671万,2.48%,2.35
2009-07-03,22.79,23.10,23.21,22.53,108285,5374万,2.96%,2.69
2009-07-06,23.16,23.83,23.99,23.16,187487,9574万,3.60%,4.66
2009-07-07,23.57,23.41,23.83,23.26,93471,4756万,2.40%,2.32
2009-07-08,23.31,23.47,23.67,23.21,82898,4203万,2.00%,2.06
2009-07-09,23.47,23.67,23.73,23.16,122353,6211万,2.43%,3.04
2009-07-10,23.67,24.35,24.97,23.52,245294,1.28亿,6.14%,6.09
2009-07-13,24.09,25.13,25.49,23.99,240655,1.29亿,6.18%,5.98
2009-07-14,25.65,25.28,26.06,25.13,326293,1.78亿,3.72%,8.11
2009-07-15,25.28,25.23,25.39,24.87,157471,8482万,2.05%,3.91
2009-07-16,25.23,25.08,25.60,24.97,123570,6704万,2.47%,3.07
2009-07-17,25.08,25.65,25.70,24.87,159228,8656万,3.31%,3.96
2009-07-20,25.80,26.32,26.43,25.28,255245,1.41亿,4.45%,6.34
2009-07-21,26.69,25.02,26.74,24.77,347672,1.93亿,7.50%,8.64
2009-07-22,24.61,25.08,25.28,24.61,123298,6622万,2.70%,3.06
2009-07-23,25.18,24.97,25.28,24.77,90773,4866万,2.07%,2.26
2009-07-24,25.02,24.51,25.13,23.99,128007,6781万,4.57%,3.18
2009-07-27,24.51,24.82,24.92,24.30,90654,4817万,2.54%,2.25
2009-07-28,24.87,25.34,25.34,24.56,117734,6344万,3.14%,2.93
2009-07-29,25.34,23.26,25.34,22.53,147830,7715万,11.07%,3.67
2009-07-30,23.41,23.47,23.78,22.58,84525,4251万,5.13%,2.1
2009-07-31,23.57,24.61,24.82,23.31,121148,6297万,6.42%,3.01
2009-08-03,24.35,25.28,25.44,24.35,131260,7050万,4.43%,3.26
2009-08-04,25.23,26.06,26.17,24.77,216315,1.18亿,5.54%,5.37
2009-08-05,25.75,25.86,26.43,25.08,169164,9371万,5.18%,4.2
2009-08-06,25.44,26.17,26.95,24.61,216723,1.20亿,9.04%,5.38
2009-08-07,25.91,25.54,26.12,24.92,145657,7997万,4.56%,3.62
2009-08-10,25.65,26.53,26.95,25.65,272634,1.53亿,5.08%,6.77
2009-08-11,26.95,25.96,27.21,25.86,256213,1.45亿,5.09%,6.37
2009-08-12,25.65,23.73,25.80,23.26,143729,7608万,9.80%,3.57
2009-08-13,23.73,24.19,24.61,23.36,84881,4414万,5.25%,2.11
2009-08-14,23.93,22.48,24.30,22.32,92129,4649万,8.16%,2.29
2009-08-17,22.06,20.40,22.43,20.30,89581,4186万,9.47%,2.23
2009-08-18,20.20,20.92,21.13,19.99,55285,2511万,5.60%,1.37
2009-08-19,20.87,19.00,21.18,18.79,62396,2771万,11.42%,1.55
2009-08-20,19.11,19.94,20.09,19.05,64467,2800万,5.47%,1.6
2009-08-21,20.04,20.56,20.66,19.68,61344,2735万,4.95%,1.52
2009-08-24,20.61,20.97,21.03,20.30,59555,2713万,3.54%,1.48
2009-08-25,20.77,21.49,21.49,20.09,130367,5979万,6.68%,3.24
2009-08-26,20.97,21.96,22.06,20.92,106623,5061万,5.31%,2.65
2009-08-27,22.17,22.06,22.69,21.65,106731,5159万,4.73%,2.65
2009-08-28,21.75,21.03,22.12,20.87,77484,3606万,5.65%,1.86
2009-08-31,20.51,19.21,20.66,19.16,61177,2677万,7.16%,1.47
2009-09-01,18.95,19.31,20.04,18.95,41261,1780万,5.68%,0.99
2009-09-02,19.42,19.94,19.99,19.31,46147,2006万,3.50%,1.11
2009-09-03,19.94,20.71,20.92,19.83,56610,2550万,5.47%,1.36
2009-09-04,20.71,21.75,21.86,20.35,95501,4439万,7.27%,2.29
2009-09-07,22.17,21.86,22.43,21.44,157190,7527万,4.54%,3.78
2009-09-08,22.01,22.01,22.32,21.55,94199,4521万,3.56%,2.26
2009-09-09,22.01,21.75,22.12,21.55,61325,2915万,2.59%,1.47
2009-09-10,21.60,21.39,21.81,21.18,51996,2442万,2.86%,1.25
2009-09-11,21.34,21.70,21.86,21.13,46043,2179万,3.40%,1.11
2009-09-14,22.22,22.17,22.27,21.70,76317,3674万,2.63%,1.83
2009-09-15,22.17,22.79,23.00,22.01,139225,6853万,4.45%,3.34
2009-09-16,22.74,22.84,23.21,22.38,109028,5422万,3.65%,2.62
2009-09-17,22.74,23.47,23.67,22.74,110517,5582万,4.09%,2.65
2009-09-18,23.47,22.17,23.57,21.91,114580,5705万,7.08%,2.75
2009-09-21,22.12,23.83,23.99,21.91,137602,6881万,9.37%,3.31
2009-09-22,23.93,22.79,24.35,22.69,153057,7839万,6.97%,3.68
2009-09-23,22.53,23.57,23.57,21.96,166469,8320万,7.06%,4
2009-09-24,23.31,23.31,23.83,22.43,133288,6743万,5.95%,3.2
2009-09-25,23.67,23.26,23.67,23.05,124786,6325万,2.67%,3
2009-09-28,23.05,21.29,23.21,20.87,73412,3559万,10.05%,1.76
2009-09-29,21.23,20.14,21.55,19.78,56464,2550万,8.29%,1.36
2009-09-30,20.35,20.30,20.87,20.25,45953,2070万,3.09%,1.1
2009-10-09,20.61,21.34,21.39,20.51,48628,2240万,4.35%,1.17
2009-10-12,21.29,21.44,21.81,21.08,45874,2159万,3.41%,1.1
2009-10-13,21.23,22.01,22.12,21.13,54552,2598万,4.60%,1.31
2009-10-14,21.86,22.17,22.48,21.81,59384,2876万,3.07%,1.43
2009-10-15,22.22,24.09,24.30,22.01,126597,6306万,10.31%,3.04
2009-10-16,25.02,23.93,25.02,22.95,152281,7796万,8.62%,3.66
2009-10-19,23.83,23.93,24.51,23.41,177593,9191万,4.56%,4.27
2009-10-20,23.93,23.88,24.04,23.57,99695,5130万,1.95%,2.39
2009-10-21,23.83,23.83,24.14,23.47,142435,7324万,2.83%,3.42
2009-10-22,23.62,23.78,24.14,23.47,84038,4333万,2.83%,2.02
2009-10-23,23.83,24.14,24.82,23.73,160143,8425万,4.59%,3.85
2009-10-26,23.99,23.73,24.04,23.52,82448,4224万,2.15%,1.98
2009-10-27,23.57,22.79,23.57,22.79,77023,3866万,3.28%,1.85
2009-10-28,22.58,22.95,23.05,22.32,49783,2459万,3.19%,1.2
2009-10-29,22.64,22.12,22.69,21.96,54308,2630万,3.17%,1.3
2009-10-30,22.69,22.32,23.00,22.27,53658,2642万,3.29%,1.29
2009-11-02,22.01,23.52,23.83,21.75,109259,5500万,9.30%,2.62
2009-11-03,23.67,23.93,24.04,23.47,96159,4943万,2.43%,2.31
2009-11-04,24.04,23.93,24.19,23.73,78101,4043万,1.95%,1.88
2009-11-05,23.99,24.35,24.35,23.73,109149,5682万,2.60%,2.62
2009-11-06,24.45,24.35,24.82,24.14,148188,7845万,2.77%,3.56
2009-11-09,24.35,25.39,25.80,24.19,256731,1.38亿,6.61%,6.17
2009-11-10,28.24,28.24,28.24,27.88,440453,2.64亿,1.43%,10.58
2009-11-11,28.04,27.10,28.04,26.69,607876,3.53亿,4.78%,14.6
2009-11-12,26.69,26.58,27.15,26.43,251656,1.44亿,2.68%,6.05
2009-11-13,26.43,26.84,26.89,26.06,172852,9804万,3.13%,4.15
2009-11-16,26.95,27.00,27.15,26.74,191052,1.10亿,1.55%,4.59
2009-11-17,27.15,27.88,27.98,26.79,251397,1.47亿,4.42%,6.04
2009-11-18,27.52,27.52,27.78,27.21,157519,9220万,2.05%,3.78
2009-11-19,27.62,28.19,28.40,27.47,221417,1.32亿,3.40%,5.32
2009-11-20,28.19,27.78,28.35,27.72,149131,8875万,2.21%,3.58
2009-11-23,27.78,28.92,29.80,27.57,185383,1.13亿,8.04%,4.45
2009-11-24,29.02,26.58,29.13,26.43,214914,1.28亿,9.34%,5.16
2009-11-25,26.32,27.88,27.98,26.32,148464,8635万,6.25%,3.57
2009-11-26,27.98,27.67,28.71,27.15,226710,1.35亿,5.59%,5.45
2009-11-27,26.69,26.37,27.72,26.17,128955,7409万,5.63%,3.1
2009-11-30,26.84,27.62,27.67,26.58,100512,5843万,4.13%,2.41
2009-12-01,27.52,28.40,28.61,27.21,150241,8958万,5.08%,3.61
2009-12-02,28.50,29.70,30.11,28.40,306781,1.91亿,6.03%,7.37
2009-12-03,29.33,29.39,29.49,28.71,172709,1.07亿,2.62%,4.15
2009-12-04,29.18,28.19,29.65,27.36,181436,1.10亿,7.77%,4.36
2009-12-07,28.24,28.92,28.97,27.98,93111,5662万,3.50%,2.24
2009-12-08,29.02,29.28,29.70,28.82,146882,9110万,3.05%,3.53
2009-12-09,28.82,28.30,29.18,28.19,108773,6608万,3.37%,2.61
2009-12-10,28.40,28.50,28.87,28.14,75392,4547万,2.57%,1.81
2009-12-11,28.71,29.13,29.54,28.56,156993,9706万,3.46%,3.77
2009-12-15,28.87,28.66,29.39,28.35,100785,6157万,3.57%,2.42
2009-12-16,28.66,27.93,28.66,27.78,98441,5896万,3.08%,2.36
2009-12-17,27.83,26.58,28.14,26.48,101640,5865万,5.95%,2.44
2009-12-18,25.91,25.96,26.69,25.65,61648,3444万,3.91%,1.48
2009-12-21,25.75,26.79,26.84,25.75,47007,2652万,4.20%,1.13
2009-12-22,26.79,25.80,26.84,25.65,45391,2538万,4.46%,1.09
2009-12-23,25.86,26.43,26.48,25.54,49992,2789万,3.62%,1.2
2009-12-24,26.43,27.10,27.26,26.32,73946,4242万,3.54%,1.78
2009-12-25,27.21,27.15,27.47,26.95,57979,3365万,1.92%,1.39
2009-12-28,27.15,27.47,27.67,27.05,56261,3286万,2.29%,1.35
2009-12-29,27.47,27.93,27.98,27.26,81628,4808万,2.65%,1.96
2009-12-30,27.78,27.41,27.98,27.10,65267,3810万,3.16%,1.57
2009-12-31,27.26,27.98,28.19,27.26,93510,5534万,3.41%,2.25
2010-01-04,28.04,27.78,28.71,27.72,96769,5813万,3.53%,2.32
2010-01-05,27.83,28.14,28.19,27.36,63967,3788万,2.99%,1.54
2010-01-06,28.04,27.67,28.45,27.62,72319,4324万,2.95%,1.74
2010-01-07,27.67,27.10,27.83,26.95,67493,3939万,3.19%,1.62
2010-01-08,26.95,27.52,27.57,26.79,45555,2643万,2.87%,1.09
2010-01-11,27.62,27.31,27.88,27.05,59014,3443万,3.02%,1.42
2010-01-12,27.31,28.09,28.09,27.31,83354,4931万,2.85%,2
2010-01-13,27.62,28.30,28.61,27.47,167338,1.01亿,4.07%,4.02
2010-01-14,28.24,29.18,29.39,28.24,181906,1.12亿,4.04%,4.37
2010-01-15,29.18,28.87,29.28,28.56,107886,6598万,2.49%,2.59
2010-01-18,29.02,29.18,29.33,28.66,97709,6021万,2.34%,2.35
2010-01-19,28.97,28.97,29.49,28.66,96926,5962万,2.85%,2.33
2010-01-20,28.92,28.09,29.28,27.98,141479,8568万,4.48%,3.4
2010-01-21,28.14,28.50,28.92,27.83,102526,6191万,3.88%,2.46
2010-01-22,28.14,27.88,28.35,26.79,100601,5926万,5.47%,2.42
2010-01-25,27.47,27.62,28.14,27.10,52299,3066万,3.72%,1.26
2010-01-26,27.52,26.01,27.72,25.75,55122,3131万,7.14%,1.32
2010-01-27,26.12,25.44,26.22,25.39,48054,2656万,3.19%,1.15
2010-01-28,25.28,25.75,25.96,25.28,32223,1777万,2.65%,0.77
2010-01-29,25.70,25.96,26.22,25.49,40174,2230万,2.82%,0.97
2010-02-01,26.01,25.60,26.01,25.13,36310,1990万,3.40%,0.87
2010-02-02,25.91,25.44,26.06,25.39,35675,1972万,2.64%,0.86
2010-02-03,25.49,26.06,26.12,24.35,53429,2920万,6.94%,1.28
2010-02-04,25.91,26.37,26.63,25.60,69079,3881万,3.98%,1.66
2010-02-05,25.91,29.28,29.28,25.65,654646,4.02亿,13.78%,15.73
2010-02-08,29.80,32.50,32.50,28.87,881758,5.74亿,12.41%,21.18
2010-02-09,31.36,30.74,32.61,29.33,394752,2.60亿,10.06%,9.48
2010-02-10,30.84,30.22,30.89,29.85,225669,1.44亿,3.38%,5.42
2010-02-11,30.27,28.97,30.32,28.87,215684,1.34亿,4.81%,5.18
2010-02-12,29.07,29.28,29.65,28.66,176568,1.10亿,3.41%,4.24
2010-02-22,29.18,30.74,32.19,29.07,368028,2.39亿,10.64%,8.84
2010-02-23,30.27,31.57,32.19,29.96,373595,2.47亿,7.26%,8.97
2010-02-24,30.94,31.41,32.19,30.89,232939,1.54亿,4.11%,5.6
2010-02-25,31.36,34.84,34.84,31.10,395358,2.81亿,11.90%,9.5
2010-02-26,36.24,35.41,36.97,34.11,763818,5.64亿,8.20%,18.35
2010-03-01,34.58,39.25,39.25,34.58,793237,6.28亿,13.20%,19.06
2010-03-02,39.67,40.03,41.17,37.64,738833,6.00亿,9.00%,17.75
2010-03-03,39.41,38.99,39.67,38.27,349963,2.82亿,3.50%,8.41
2010-03-04,38.63,37.64,40.45,37.23,445767,3.60亿,8.26%,10.71
2010-03-05,37.02,37.12,37.95,35.62,301122,2.31亿,6.21%,7.23
2010-03-08,37.02,37.80,38.37,36.60,224414,1.75亿,4.76%,5.39
2010-03-09,37.69,36.81,37.75,36.08,178200,1.36亿,4.40%,4.28
2010-03-10,36.60,36.60,37.07,35.46,204989,1.54亿,4.37%,4.92
2010-03-11,36.19,35.46,36.29,35.10,180612,1.34亿,3.26%,4.34
2010-03-12,35.57,35.15,36.40,35.05,166489,1.23亿,3.81%,4
2010-03-15,34.79,34.53,34.99,33.96,142876,1.03亿,2.95%,3.43
2010-03-16,34.53,34.79,34.84,33.85,155027,1.11亿,2.86%,3.72
2010-03-17,34.79,35.72,36.08,33.96,222796,1.64亿,6.12%,5.35
2010-03-18,35.46,35.77,36.24,35.15,157938,1.18亿,3.05%,3.79
2010-03-19,35.51,35.93,36.81,35.31,212306,1.60亿,4.21%,5.1
2010-03-22,36.03,34.99,36.03,34.58,174941,1.28亿,4.05%,4.2
2010-03-23,34.94,34.99,35.72,34.22,167573,1.22亿,4.30%,4.03
2010-03-24,34.94,34.63,35.46,34.53,115688,8414万,2.67%,2.78
2010-03-25,34.47,35.25,35.88,34.22,248449,1.83亿,4.80%,5.97
2010-03-26,34.99,35.51,35.67,34.47,149626,1.10亿,3.39%,3.59
2010-03-29,35.51,36.14,36.29,35.31,248287,1.86亿,2.78%,5.96
2010-03-30,35.72,35.51,35.98,35.15,119704,8838万,2.30%,2.88
2010-03-31,35.41,34.73,35.41,34.58,136713,9923万,2.34%,3.28
2010-04-01,34.73,34.94,35.15,34.53,112093,8147万,1.79%,2.69
2010-04-02,34.99,34.68,34.99,34.37,124246,8969万,1.78%,2.98
2010-04-06,34.73,35.62,35.72,34.53,172268,1.26亿,3.44%,4.14
2010-04-07,35.51,35.05,35.51,34.73,87003,6354万,2.19%,2.09
2010-04-08,34.79,34.58,35.05,34.47,91215,6605万,1.63%,2.19
2010-04-09,34.79,34.73,34.84,34.06,120138,8643万,2.25%,2.89
2010-04-12,34.63,34.11,34.73,33.85,152953,1.09亿,2.54%,3.67
2010-04-13,34.06,33.38,34.37,32.92,125862,8845万,4.26%,3.02
2010-04-14,33.38,34.27,34.37,33.02,98592,6985万,4.04%,2.37
2010-04-15,34.27,33.59,34.27,33.38,70393,4969万,2.58%,1.69
2010-04-16,33.59,33.64,34.01,33.02,52380,3681万,2.94%,1.26
2010-04-19,33.49,31.00,33.49,30.94,95766,6504万,7.56%,2.3
2010-04-20,31.00,31.05,31.41,30.27,67797,4406万,3.69%,1.63
2010-04-21,31.36,32.19,32.40,30.94,74701,5008万,4.68%,1.79
2010-04-22,31.93,32.97,33.23,31.67,101800,6971万,4.84%,2.45
2010-04-23,32.92,32.09,33.07,32.03,61744,4203万,3.15%,1.48
2010-04-26,31.98,32.29,32.61,31.41,55094,3705万,3.72%,1.32
2010-04-27,32.03,31.05,32.14,30.32,67114,4384万,5.63%,1.61
2010-04-28,31.10,31.20,31.62,30.68,52416,3441万,3.01%,1.26
2010-04-29,31.36,29.70,31.57,29.54,58955,3825万,6.49%,1.42
2010-04-30,29.65,28.35,30.01,27.78,67383,4074万,7.52%,1.62
2010-05-04,27.72,28.30,28.66,27.47,32410,1945万,4.21%,0.78
2010-05-05,27.83,29.59,29.65,27.78,64242,3931万,6.61%,1.54
2010-05-06,29.44,28.35,29.49,28.30,56324,3447万,4.04%,1.35
2010-05-07,28.09,28.30,29.02,27.67,72582,4342万,4.76%,1.74
2010-05-10,28.04,29.07,29.23,27.98,75942,4624万,4.40%,1.82
2010-05-11,29.80,28.19,29.80,27.98,71916,4385万,6.25%,1.73
2010-05-12,27.88,27.41,27.88,26.48,82484,4758万,4.97%,1.98
2010-05-13,27.31,27.98,28.04,26.43,75519,4382万,5.87%,1.81
2010-05-14,27.52,27.57,27.98,27.00,59718,3496万,3.53%,1.43
2010-05-17,27.10,24.82,27.67,24.61,66925,3778万,11.11%,1.61
2010-05-18,24.61,25.08,25.28,23.62,64691,3410万,6.70%,1.55
2010-05-19,24.87,24.82,25.44,24.30,49068,2619万,4.56%,1.18
2010-05-20,24.56,24.45,25.18,24.09,54122,2868万,4.39%,1.3
2010-05-24,24.97,27.21,27.21,24.87,86879,4929万,9.56%,2.09
2010-05-25,27.26,27.41,28.66,27.10,235380,1.39亿,5.73%,5.65
2010-05-26,26.84,27.21,27.57,26.79,83130,4812万,2.84%,2
2010-05-27,27.36,27.72,27.88,26.74,81021,4728万,4.20%,1.95
2010-05-28,27.98,27.26,28.14,26.95,76038,4451万,4.31%,1.83
2010-05-31,27.10,25.96,27.62,25.91,69256,3975万,6.29%,1.66
2010-06-01,25.65,25.34,25.96,24.61,58919,3199万,5.20%,1.42
2010-06-02,25.08,26.01,26.17,24.92,46995,2567万,4.92%,1.13
2010-06-03,26.12,26.48,27.98,25.60,141279,8083万,9.18%,3.39
2010-06-04,25.70,26.32,26.43,25.65,74884,4175万,2.94%,1.8
2010-06-07,25.49,25.70,25.96,25.13,49230,2706万,3.16%,1.18
2010-06-08,25.70,26.12,26.53,25.65,55932,3121万,3.43%,1.34
2010-06-09,26.12,26.89,27.10,26.01,78953,4480万,4.18%,1.9
2010-06-10,26.74,27.36,27.78,26.43,116058,6734万,5.02%,2.79
2010-06-11,27.21,26.79,27.47,26.58,72879,4191万,3.23%,1.75
2010-06-17,26.84,26.79,27.41,26.74,45129,2600万,2.52%,1.08
2010-06-18,26.69,25.13,26.79,24.77,61640,3417万,7.56%,1.48
2010-06-21,25.13,26.27,26.37,24.87,66403,3681万,5.99%,1.6
2010-06-22,26.12,27.10,27.57,25.91,102382,5880万,6.32%,2.46
2010-06-23,26.74,26.63,27.10,25.96,63305,3593万,4.22%,1.52
2010-06-24,26.43,26.74,27.00,26.12,49655,2827万,3.31%,1.19
2010-06-25,26.69,26.01,26.69,25.65,43431,2428万,3.88%,1.04
2010-06-28,25.65,25.60,26.32,25.49,26839,1483万,3.19%,0.64
2010-06-29,25.70,23.67,25.91,23.62,57332,3020万,8.93%,1.38
2010-06-30,23.57,22.84,23.57,22.38,34084,1695万,5.04%,0.82
2010-07-01,22.79,22.53,23.05,22.27,31301,1538万,3.41%,0.75
2010-07-02,22.53,22.38,22.53,20.97,40062,1912万,6.91%,0.96
2010-07-05,21.96,22.32,22.53,21.55,30976,1487万,4.41%,0.74
2010-07-06,22.06,22.90,22.95,21.96,43083,2125万,4.42%,1.03
2010-07-07,22.90,23.31,23.41,22.64,41957,2099万,3.40%,1.01
2010-07-08,23.21,23.21,24.25,23.21,59674,3053万,4.45%,1.43
2010-07-09,23.10,23.78,23.93,22.69,63855,3243万,5.37%,1.53
2010-07-12,23.83,23.99,24.30,23.47,50063,2588万,3.49%,1.2
2010-07-13,23.67,23.31,23.83,23.05,40145,2036万,3.25%,0.96
2010-07-14,23.57,24.04,24.09,23.21,72496,3742万,3.79%,1.74
2010-07-15,24.09,23.26,24.19,23.16,52274,2680万,4.32%,1.26
2010-07-16,23.05,23.31,23.41,22.48,40900,2039万,4.02%,0.98
2010-07-19,22.95,23.83,23.93,22.69,45597,2327万,5.35%,1.1
2010-07-20,23.88,24.61,24.82,23.83,89970,4716万,4.14%,2.16
2010-07-21,24.61,24.61,25.08,24.19,79454,4216万,3.59%,1.91
2010-07-22,24.40,25.08,25.44,24.30,74276,3981万,4.64%,1.78
2010-07-23,24.87,24.92,25.13,24.51,53817,2870万,2.48%,1.29
2010-07-26,26.48,27.72,27.72,26.48,163181,9604万,5.00%,3.92
2010-07-27,28.92,27.78,28.92,27.72,401693,2.41亿,4.31%,9.65
2010-07-28,27.21,28.35,28.71,27.21,238285,1.43亿,5.42%,5.72
2010-07-29,28.24,28.24,29.28,27.57,191891,1.16亿,6.04%,4.61
2010-07-30,28.24,27.67,28.24,27.31,94913,5600万,3.31%,2.28
2010-08-02,27.47,27.93,28.19,27.41,96853,5745万,2.81%,2.33
2010-08-03,27.98,27.78,28.61,27.67,129756,7775万,3.35%,3.12
2010-08-04,27.52,27.83,27.88,26.69,92960,5421万,4.30%,2.23
2010-08-05,27.78,28.45,28.92,27.57,164482,9913万,4.85%,3.95
2010-08-06,28.56,28.71,28.71,27.83,125383,7562万,3.10%,3.01
2010-08-09,28.71,29.28,29.59,28.50,175402,1.08亿,3.80%,4.21
2010-08-10,29.18,27.67,29.54,27.57,135441,8165万,6.74%,3.25
2010-08-11,27.36,27.78,28.14,27.21,66140,3894万,3.38%,1.59
2010-08-12,27.78,27.00,27.83,26.79,66111,3853万,3.74%,1.59
2010-08-13,27.26,28.04,28.14,26.89,78020,4588万,4.62%,1.87
2010-08-16,28.04,28.45,28.50,27.67,92015,5524万,2.96%,2.21
2010-08-17,28.50,29.07,29.39,28.35,152585,9333万,3.65%,3.67
2010-08-18,28.82,28.50,29.02,28.24,93500,5666万,2.68%,2.25
2010-08-19,28.45,28.97,29.07,28.40,116760,7143万,2.37%,2.8
2010-08-20,28.76,28.19,28.92,27.98,90025,5421万,3.23%,2.16
2010-08-23,28.19,27.88,28.45,27.72,64287,3837万,2.58%,1.54
2010-08-24,27.88,28.30,28.40,27.47,60139,3592万,3.35%,1.44
2010-08-25,27.98,27.62,28.40,27.57,73358,4362万,2.94%,1.76
2010-08-26,27.78,27.93,28.04,27.57,47038,2784万,1.69%,1.13
2010-08-27,27.83,28.45,28.45,27.57,64984,3891万,3.16%,1.56
2010-08-30,28.56,29.18,29.28,28.35,140210,8599万,3.29%,3.37
2010-08-31,29.13,28.92,29.13,28.50,97928,5986万,2.14%,2.35
2010-09-01,29.07,29.39,30.53,28.92,249551,1.57亿,5.57%,5.99
2010-09-02,29.59,29.75,30.27,29.49,162672,1.03亿,2.65%,3.91
2010-09-03,29.96,30.17,30.48,29.49,137118,8700万,3.32%,3.29
2010-09-06,30.32,30.22,31.20,29.80,145502,9346万,4.65%,3.5
2010-09-07,30.32,30.79,30.94,29.59,157700,1.01亿,4.47%,3.79
2010-09-08,30.58,30.89,31.05,30.32,106793,6931万,2.36%,2.57
2010-09-09,30.89,29.85,31.05,29.65,134573,8556万,4.54%,3.23
2010-09-10,29.80,30.11,30.27,28.71,108465,6792万,5.22%,2.61
2010-09-13,30.17,31.00,31.10,29.96,142011,9153万,3.79%,3.41
2010-09-14,31.10,30.79,31.52,30.58,150240,9827万,3.02%,3.61
2010-09-15,31.10,30.74,31.98,30.63,183365,1.21亿,4.38%,4.4
2010-09-16,30.74,29.75,30.79,29.07,123041,7701万,5.57%,2.96
2010-09-17,29.39,29.18,29.75,29.13,57037,3548万,2.09%,1.37
2010-09-20,29.18,28.61,29.39,28.50,51539,3161万,3.03%,1.24
2010-09-21,28.61,28.71,28.97,28.61,34074,2078万,1.27%,0.82
2010-09-27,28.82,29.39,29.44,28.82,38426,2377万,2.17%,0.92
2010-09-28,29.39,29.59,30.01,29.02,68555,4288万,3.36%,1.65
2010-09-29,29.54,28.92,29.70,28.66,51499,3180万,3.51%,1.24
2010-09-30,28.82,29.33,29.39,28.56,42704,2633万,2.87%,1.03
2010-10-08,29.54,30.37,31.00,29.33,114904,7293万,5.66%,2.76
2010-10-11,30.27,30.22,30.68,29.91,96270,6145万,2.56%,2.31
2010-10-12,30.27,29.96,30.32,29.75,85133,5384万,1.89%,2.05
2010-10-13,29.96,30.27,30.32,29.75,94421,5992万,1.91%,2.27
2010-10-14,30.17,28.66,30.32,28.61,120211,7458万,5.66%,2.89
2010-10-15,28.66,28.56,29.13,28.14,79566,4822万,3.44%,1.91
2010-10-18,28.50,27.98,28.82,26.95,99259,5884万,6.55%,2.38
2010-10-19,27.72,29.02,29.18,27.47,100980,6104万,6.12%,2.43
2010-10-20,28.56,30.17,30.27,28.35,193732,1.21亿,6.62%,4.65
2010-10-21,30.06,30.17,30.58,29.39,180767,1.15亿,3.96%,4.34
2010-10-22,30.06,30.01,30.22,29.49,124676,7884万,2.41%,3
2010-10-25,30.01,30.48,31.52,29.59,214340,1.38亿,6.40%,5.15
2010-10-26,30.53,30.17,30.79,29.70,117023,7446万,3.58%,2.81
2010-10-27,30.01,29.65,30.11,29.28,87578,5520万,2.75%,2.1
2010-10-28,29.44,30.42,30.74,29.39,142880,9126万,4.55%,3.43
2010-10-29,30.22,30.11,31.00,29.80,129564,8280万,3.93%,3.11
2010-11-01,30.17,30.17,30.42,29.75,136615,8675万,2.24%,3.28
2010-11-02,30.22,31.00,31.62,29.80,264323,1.71亿,6.02%,6.35
2010-11-03,30.74,31.10,31.93,30.22,258372,1.70亿,5.53%,6.21
2010-11-04,31.36,32.19,32.61,31.20,277710,1.86亿,4.51%,6.67
2010-11-05,32.40,31.98,32.50,31.67,181262,1.22亿,2.58%,4.35
2010-11-08,31.93,32.55,33.44,31.93,181330,1.24亿,4.71%,4.36
2010-11-09,32.55,33.23,34.11,32.09,230499,1.59亿,6.22%,5.54
2010-11-10,32.61,33.02,33.70,31.88,194116,1.33亿,5.47%,4.66
2010-11-11,32.81,31.77,33.07,31.72,168478,1.15亿,4.09%,4.05
2010-11-12,31.41,28.97,31.93,28.76,171221,1.09亿,9.97%,4.11
2010-11-15,29.28,29.96,30.06,29.02,80406,5009万,3.58%,1.93
2010-11-16,29.91,28.87,30.06,28.56,91389,5682万,5.03%,2.2
2010-11-17,28.61,28.04,29.07,27.83,64210,3894万,4.32%,1.54
2010-11-18,28.30,28.50,28.66,27.93,44592,2680万,2.59%,1.07
2010-11-19,28.66,28.87,28.87,27.98,53637,3237万,3.10%,1.29
2010-11-22,28.50,29.44,29.54,28.40,65145,4006万,3.96%,1.56
2010-11-23,29.28,28.61,29.49,28.19,50620,3081万,4.41%,1.22
2010-11-24,28.40,29.18,29.18,28.35,39252,2405万,2.90%,0.94
2010-11-25,29.39,29.54,29.65,29.02,61688,3841万,2.14%,1.48
2010-11-26,29.54,29.44,29.65,29.02,50036,3108万,2.11%,1.2
2010-11-29,29.28,29.18,29.65,28.97,51585,3192万,2.29%,1.24
2010-11-30,28.92,27.83,29.23,27.21,83395,4973万,6.94%,2
2010-12-01,27.67,27.88,28.14,27.57,44486,2636万,2.05%,1.07
2010-12-02,28.14,28.40,28.66,27.98,61925,3729万,2.42%,1.49
2010-12-03,28.40,27.93,28.50,27.62,40478,2405万,3.11%,0.97
2010-12-06,27.93,27.36,28.04,27.00,35202,2059万,3.72%,0.85
2010-12-07,27.36,27.62,27.67,27.05,25424,1483万,2.28%,0.61
2010-12-08,27.57,27.93,28.14,27.52,41809,2475万,2.26%,1
2010-12-09,27.78,27.15,27.93,27.10,36211,2127万,2.97%,0.87
2010-12-10,27.00,27.41,27.72,26.53,23060,1339万,4.40%,0.55
2010-12-13,27.47,28.19,28.24,27.41,39369,2337万,3.03%,0.95
2010-12-14,28.30,28.40,28.56,28.14,41683,2510万,1.47%,1
2010-12-15,28.40,28.35,28.76,28.24,38037,2302万,1.83%,0.91
2010-12-16,28.30,28.40,28.66,28.24,28379,1715万,1.47%,0.68
2010-12-17,28.45,28.35,28.45,28.14,24228,1455万,1.10%,0.58
2010-12-20,28.45,27.72,28.45,27.21,38139,2253万,4.40%,0.92
2010-12-21,27.72,28.45,28.66,27.72,48724,2931万,3.37%,1.17
2010-12-22,28.56,28.61,28.97,28.45,55153,3354万,1.83%,1.32
2010-12-23,28.50,27.83,28.50,27.78,27324,1631万,2.54%,0.66
2010-12-24,27.93,27.93,28.35,27.52,26780,1592万,2.99%,0.64
2010-12-27,27.93,27.15,28.61,27.10,33767,2010万,5.39%,0.81
2010-12-28,27.15,26.89,27.41,26.79,35252,2039万,2.29%,0.85
2010-12-29,26.95,27.47,27.52,26.63,20481,1182万,3.28%,0.49
2010-12-30,27.47,28.24,28.30,27.21,37165,2201万,3.97%,0.89
2010-12-31,27.93,28.97,29.13,27.88,55964,3412万,4.41%,1.34
2011-01-04,28.92,29.07,29.13,28.56,39225,2403万,1.97%,0.94
2011-01-05,29.02,29.33,29.85,28.76,66515,4156万,3.75%,1.6
2011-01-06,32.55,32.55,32.55,32.55,137516,9392万,0.00%,3.3
2011-01-07,32.92,32.03,34.01,31.36,416460,2.88亿,8.13%,10
2011-01-10,31.57,30.27,32.35,30.01,137403,8927万,7.29%,3.3
2011-01-11,30.22,30.79,30.84,29.75,59897,3836万,3.60%,1.44
2011-01-12,30.84,31.26,31.62,30.42,83514,5461万,3.88%,2.01
2011-01-13,31.26,30.37,31.26,29.91,53353,3425万,4.32%,1.28
2011-01-14,30.42,31.88,33.07,30.37,191186,1.28亿,8.89%,4.59
2011-01-17,31.72,31.57,32.50,30.89,117274,7806万,5.05%,2.82
2011-01-19,34.99,34.99,34.99,33.54,494128,3.58亿,4.61%,11.87
2011-01-20,34.22,34.11,35.15,33.75,236583,1.70亿,4.01%,5.68
2011-01-21,36.60,36.81,37.59,35.46,365135,2.78亿,6.24%,8.77
2011-01-24,34.94,32.87,35.88,32.87,283075,2.01亿,8.18%,6.8
2011-01-25,31.88,32.71,33.75,30.32,161640,1.10亿,10.43%,3.88
2011-01-26,31.72,33.33,33.70,31.67,109870,7614万,6.19%,2.64
2011-01-27,32.92,33.33,34.42,32.19,133171,9339万,6.70%,3.2
2011-01-28,33.23,34.99,35.20,32.50,182731,1.30亿,8.10%,4.39
2011-01-31,34.79,35.15,35.77,34.06,134460,9777万,4.90%,3.23
2011-02-01,34.73,33.70,34.94,33.54,123497,8807万,3.99%,2.97
2011-02-09,33.28,34.22,34.32,33.02,95515,6741万,3.85%,2.29
2011-02-10,33.85,36.40,36.76,33.54,236574,1.76亿,9.41%,5.68
2011-02-11,36.03,36.03,36.81,35.15,148229,1.11亿,4.57%,3.56
2011-02-14,35.72,35.67,36.76,35.51,148326,1.11亿,3.46%,3.56
2011-02-15,35.51,36.14,37.64,35.25,217487,1.66亿,6.70%,5.22
2011-02-16,36.03,36.50,36.81,35.51,111118,8364万,3.59%,2.67
2011-02-17,36.55,35.51,36.76,34.99,157075,1.16亿,4.84%,3.77
2011-02-18,35.46,34.73,35.72,34.47,101747,7425万,3.51%,2.44
2011-02-21,34.37,35.25,35.41,34.27,78095,5708万,3.29%,1.88
2011-02-22,35.31,33.54,35.46,33.33,108599,7778万,6.04%,2.61
2011-02-23,33.33,34.16,34.37,33.18,76433,5431万,3.56%,1.84
2011-02-24,34.01,34.11,34.32,33.44,57032,4047万,2.58%,1.37
2011-02-25,34.01,35.41,35.77,33.59,96739,7051万,6.39%,2.32
2011-02-28,35.25,36.29,36.40,34.94,134724,1.01亿,4.11%,3.24
2011-03-01,36.03,36.29,36.76,35.51,125289,9441万,3.43%,3.01
2011-03-02,35.98,35.57,35.98,34.99,56418,4161万,2.72%,1.36
2011-03-03,35.46,37.28,37.85,35.25,231478,1.78亿,7.30%,5.56
2011-03-04,36.81,37.75,38.37,36.14,184463,1.43亿,5.99%,4.43
2011-03-07,37.80,37.43,39.20,37.07,125642,9841万,5.64%,3.02
2011-03-08,37.23,37.59,37.80,36.55,87152,6726万,3.33%,2.09
2011-03-09,37.59,37.23,38.21,36.81,73510,5700万,3.73%,1.77
2011-03-10,36.97,36.24,37.49,36.19,72178,5503万,3.49%,1.73
2011-03-11,36.03,35.57,36.71,35.51,65556,4945万,3.30%,1.57
2011-03-14,35.46,36.66,36.71,35.41,62147,4675万,3.65%,1.49
2011-03-15,36.66,36.50,37.33,35.51,75391,5697万,4.96%,1.81
2011-03-16,36.40,36.55,36.86,35.83,55817,4220万,2.85%,1.34
2011-03-17,36.29,34.89,36.29,34.47,82503,6072万,4.97%,1.98
2011-03-18,35.10,34.68,35.36,34.42,60144,4351万,2.68%,1.44
2011-03-21,34.68,34.01,34.99,33.96,45330,3253万,2.99%,1.09
2011-03-22,34.27,34.89,34.94,33.96,39389,2844万,2.90%,0.95
2011-03-23,34.89,35.15,35.25,34.58,38728,2829万,1.93%,0.93
2011-03-24,35.15,34.42,35.25,34.37,60917,4401万,2.51%,1.46
2011-03-25,34.32,34.58,34.84,34.22,51143,3682万,1.81%,1.23
2011-03-28,34.68,35.72,35.93,34.32,103474,7558万,4.66%,2.49
2011-03-29,35.20,35.20,35.98,34.84,70687,5208万,3.20%,1.7
2011-03-30,35.20,36.60,37.18,35.20,160263,1.22亿,5.61%,3.85
2011-03-31,36.66,36.19,36.92,35.62,74530,5618万,3.55%,1.79
2011-04-01,36.24,36.86,36.97,35.83,70180,5324万,3.16%,1.69
2011-04-06,36.71,36.86,37.33,36.29,70050,5359万,2.82%,1.68
2011-04-07,36.81,38.11,39.04,36.66,214996,1.70亿,6.48%,5.16
2011-04-08,37.90,37.64,38.32,37.23,82678,6453万,2.86%,1.99
2011-04-11,37.69,36.24,37.85,36.08,97476,7410万,4.69%,2.34
2011-04-12,36.29,36.34,36.60,35.41,56340,4228万,3.30%,1.35
2011-04-13,36.34,36.45,36.45,35.46,53457,3995万,2.71%,1.28
2011-04-14,36.14,36.71,37.64,36.14,82205,6329万,4.13%,1.97
2011-04-15,36.45,37.85,38.37,36.34,130418,1.02亿,5.52%,3.13
2011-04-18,37.59,37.95,38.78,37.33,99754,7872万,3.84%,2.4
2011-04-19,37.59,39.10,39.25,36.86,171049,1.36亿,6.29%,4.11
2011-04-20,38.94,38.06,40.34,37.95,127304,1.02亿,6.11%,3.06
2011-04-21,38.11,39.46,40.08,37.69,139992,1.14亿,6.28%,3.36
2011-04-22,39.20,38.47,39.41,38.06,86072,6889万,3.42%,2.07
2011-04-25,38.11,38.27,39.15,37.80,77835,6211万,3.51%,1.87
2011-04-26,37.85,35.83,37.85,35.62,78936,6015万,5.83%,1.9
2011-04-27,35.98,35.25,36.60,34.73,51047,3794万,5.22%,1.23
2011-04-28,35.25,34.68,35.93,34.47,41738,3058万,4.12%,1
2011-04-29,34.58,35.20,35.31,34.27,23862,1741万,2.99%,0.57
2011-05-03,35.51,36.08,36.08,35.10,38224,2844万,2.80%,0.92
2011-05-04,36.03,35.36,36.08,35.05,38420,2844万,2.88%,0.92
2011-05-05,35.31,37.28,38.01,34.99,77407,5900万,8.52%,1.86
2011-05-06,36.81,37.54,38.63,35.41,79512,6189万,8.64%,1.91
2011-05-09,37.75,38.21,38.47,37.07,64910,5087万,3.73%,1.56
2011-05-10,37.75,38.01,38.11,37.23,47210,3690万,2.31%,1.13
2011-05-11,37.90,38.63,39.04,37.59,85887,6862万,3.83%,2.06
2011-05-12,38.42,38.06,39.36,37.69,85567,6826万,4.30%,2.06
2011-05-13,37.75,40.13,40.45,37.75,217299,1.78亿,7.09%,5.22
2011-05-16,40.03,39.72,40.55,39.46,133592,1.10亿,2.72%,3.21
2011-05-17,39.41,37.54,39.93,37.38,134155,1.07亿,6.41%,3.22
2011-05-19,37.69,41.59,41.59,37.69,409066,3.48亿,10.37%,9.83
2011-05-20,41.69,42.52,42.73,40.55,424852,3.67亿,5.24%,10.21
2011-05-23,41.80,39.67,42.47,39.20,272172,2.28亿,7.69%,6.54
2011-05-24,39.56,41.12,41.17,38.06,249971,2.04亿,7.85%,6.01
2011-05-25,40.60,39.10,40.97,38.42,229348,1.88亿,6.19%,5.51
2011-05-26,39.25,35.31,39.62,35.05,261997,2.03亿,11.69%,6.29
2011-05-27,34.73,32.61,34.94,31.88,189974,1.34亿,8.68%,4.56
2011-05-30,32.66,32.40,32.87,31.46,60851,4126万,4.30%,1.46
2011-05-31,32.40,33.28,33.59,32.09,71976,4956万,4.65%,1.73
2011-06-01,33.12,33.18,33.49,32.61,71792,4980万,2.65%,1.72
2011-06-02,32.50,31.72,32.66,31.00,83316,5560万,5.01%,2
2011-06-03,31.88,33.90,34.84,31.46,158303,1.11亿,10.64%,3.8
2011-06-07,33.18,33.64,33.90,32.92,96948,6779万,2.91%,2.33
2011-06-08,33.28,33.64,33.80,32.35,90201,6260万,4.32%,2.17
2011-06-09,33.44,31.83,33.75,31.77,75282,5193万,5.86%,1.81
2011-06-10,31.67,32.19,32.24,30.94,89594,5965万,4.08%,2.15
2011-06-13,31.83,31.83,32.03,31.36,44570,2974万,2.10%,1.07
2011-06-14,31.67,32.61,32.81,31.67,55416,3775万,3.59%,1.33
2011-06-15,32.40,32.09,32.81,32.03,41606,2827万,2.39%,1
2011-06-16,31.67,30.17,31.77,29.85,68187,4456万,5.99%,1.64
2011-06-17,30.17,29.59,30.84,29.28,38028,2425万,5.16%,0.91
2011-06-20,29.54,28.87,29.80,28.35,36116,2219万,4.91%,0.87
2011-06-21,28.92,29.33,29.33,28.76,33190,2047万,1.98%,0.8
2011-06-22,29.28,29.44,29.75,29.18,34281,2139万,1.95%,0.82
2011-06-23,29.28,30.06,30.22,29.02,38447,2412万,4.06%,0.92
2011-06-24,29.85,30.89,31.20,29.59,63880,4130万,5.35%,1.53
2011-06-27,30.74,31.31,31.77,30.68,59842,3933万,3.53%,1.44
2011-06-28,31.31,31.26,31.52,30.74,32753,2144万,2.49%,0.79
2011-06-29,31.15,30.79,31.26,30.11,37893,2459万,3.65%,0.91
2011-06-30,30.74,32.09,32.19,30.63,69194,4549万,5.06%,1.66
2011-07-01,31.62,31.77,32.24,31.57,53700,3597万,2.10%,1.29
2011-07-04,31.83,32.29,32.29,31.52,51309,3454万,2.45%,1.23
2011-07-05,32.24,32.19,32.35,31.88,56848,3825万,1.45%,1.37
2011-07-06,32.09,31.77,32.09,31.41,52692,3514万,2.10%,1.27
2011-07-07,31.83,32.45,32.92,31.62,107859,7326万,4.09%,2.59
2011-07-08,32.40,32.55,32.71,31.88,57322,3870万,2.56%,1.38
2011-07-11,32.14,32.24,32.55,31.52,57167,3847万,3.19%,1.37
2011-07-12,31.77,31.62,31.88,31.41,44824,2985万,1.45%,1.08
2011-07-13,31.52,32.14,32.29,31.41,44763,3004万,2.79%,1.08
2011-07-14,32.19,32.61,32.66,31.98,73996,5023万,2.10%,1.78
2011-07-15,32.40,33.12,33.80,32.29,95651,6655万,4.62%,2.3
2011-07-18,33.12,33.12,33.44,32.66,50658,3507万,2.35%,1.22
2011-07-19,33.18,33.70,33.96,32.81,96291,6766万,3.45%,2.31
2011-07-20,33.75,33.33,33.90,32.71,55112,3844万,3.54%,1.32
2011-07-21,33.33,33.49,33.96,32.71,83295,5832万,3.74%,2
2011-07-22,33.59,33.70,34.22,33.12,65950,4660万,3.26%,1.58
2011-07-25,33.44,30.63,33.49,30.06,97652,6500万,10.17%,2.35
2011-07-26,30.58,30.22,30.84,29.33,70981,4498万,4.92%,1.71
2011-07-27,29.96,30.58,30.74,29.59,48479,3100万,3.78%,1.16
2011-07-28,30.22,30.11,30.27,29.59,39298,2488万,2.21%,0.94
2011-07-29,30.01,29.59,30.17,29.39,40154,2522万,2.59%,0.96
2011-08-01,29.70,29.75,29.85,29.44,33259,2087万,1.40%,0.8
2011-08-02,29.75,29.18,29.75,28.66,36826,2267万,3.67%,0.88
2011-08-03,28.82,29.33,29.59,28.76,29223,1811万,2.85%,0.7
2011-08-04,29.28,29.54,29.85,29.28,23899,1495万,1.95%,0.57
2011-08-05,28.66,28.76,29.02,27.98,39419,2391万,3.52%,0.95
2011-08-08,28.24,26.53,28.71,25.86,54373,3153万,9.93%,1.31
2011-08-09,25.65,26.63,27.05,24.92,50228,2814万,8.02%,1.21
2011-08-10,27.21,27.21,27.78,26.95,47846,2788万,3.12%,1.15
2011-08-11,26.69,27.83,27.93,26.43,34149,1993万,5.54%,0.82
2011-08-12,28.14,28.24,28.35,27.62,46645,2784万,2.61%,1.12
2011-08-15,28.19,28.71,28.97,27.88,40878,2480万,3.86%,0.98
2011-08-16,28.92,28.24,28.92,28.14,30603,1843万,2.71%,0.74
2011-08-17,27.98,27.88,28.61,27.78,35048,2097万,2.94%,0.84
2011-08-18,27.72,27.62,28.56,27.62,29850,1785万,3.35%,0.72
2011-08-19,27.00,27.15,27.36,26.58,29777,1712万,2.82%,0.72
2011-08-22,27.15,27.26,27.72,27.10,17812,1040万,2.29%,0.43
2011-08-23,27.47,27.83,27.83,27.31,18151,1068万,1.90%,0.44
2011-08-24,27.93,27.78,28.19,27.62,19268,1144万,2.05%,0.46
2011-08-25,27.83,28.66,28.71,27.72,36776,2212万,3.55%,0.88
2011-08-26,28.45,28.61,28.71,28.19,27158,1640万,1.81%,0.65
2011-08-29,28.66,28.30,28.66,28.14,17791,1070万,1.82%,0.43
2011-08-30,28.30,28.61,28.92,28.30,45856,2787万,2.20%,1.1
2011-08-31,28.76,29.23,29.91,28.66,93943,5843万,4.36%,2.26
2011-09-01,29.02,28.82,29.44,28.71,34787,2139万,2.49%,0.84
2011-09-02,28.71,27.83,29.02,27.78,36339,2177万,4.32%,0.87
2011-09-05,27.72,26.95,27.72,26.89,24771,1436万,2.99%,0.6
2011-09-06,26.53,26.95,27.10,26.53,13948,799万,2.12%,0.34
2011-09-07,27.10,28.04,28.30,26.95,41458,2459万,5.01%,1
2011-09-08,28.19,27.98,28.61,27.83,59467,3568万,2.78%,1.43
2011-09-09,27.78,27.47,28.19,27.36,29844,1760万,2.97%,0.72
2011-09-13,27.00,26.95,27.15,26.58,15997,916万,2.08%,0.38
2011-09-14,27.05,27.31,27.31,26.58,13977,803万,2.70%,0.34
2011-09-15,27.36,27.41,27.93,27.21,16865,991万,2.66%,0.41
2011-09-16,27.52,27.83,27.88,27.47,17019,1002万,1.52%,0.41
2011-09-19,27.78,26.84,27.78,26.74,13150,767万,3.73%,0.32
2011-09-20,26.95,27.47,27.57,26.79,17476,1013万,2.90%,0.42
2011-09-21,27.26,28.35,28.45,27.26,39978,2379万,4.35%,0.96
2011-09-22,28.04,27.52,28.24,27.47,27265,1618万,2.75%,0.65
2011-09-23,27.15,27.67,27.67,26.79,18036,1046万,3.21%,0.43
2011-09-26,27.67,26.79,27.88,26.69,25694,1493万,4.32%,0.62
2011-09-27,27.21,26.89,27.21,26.74,16925,973万,1.74%,0.41
2011-09-28,27.05,25.70,27.21,25.54,30396,1705万,6.18%,0.73
2011-09-29,25.60,25.28,25.70,24.77,29730,1609万,3.64%,0.71
2011-09-30,25.34,25.49,25.60,25.08,21643,1176万,2.05%,0.52
2011-10-10,25.54,25.34,26.69,25.08,24784,1349万,6.31%,0.6
2011-10-11,25.91,25.34,26.37,25.18,24216,1342万,4.71%,0.58
2011-10-12,25.28,26.37,26.58,25.13,31609,1772万,5.74%,0.76
2011-10-13,26.53,26.84,27.00,26.22,42048,2401万,2.95%,1.01
2011-10-14,26.84,26.48,26.95,26.27,23646,1341万,2.51%,0.57
2011-10-17,26.48,26.37,26.74,26.12,20661,1165万,2.35%,0.5
2011-10-18,26.17,25.13,26.17,25.08,24926,1368万,4.13%,0.6
2011-10-19,25.13,25.13,25.44,24.82,12287,664万,2.48%,0.3
2011-10-20,24.87,23.57,25.18,23.16,36271,1878万,8.06%,0.87
2011-10-21,23.57,23.57,23.99,23.21,36589,1870万,3.30%,0.88
2011-10-24,23.67,23.36,23.88,21.81,58113,2903万,8.81%,1.4
2011-10-25,23.16,23.93,24.09,22.90,32762,1670万,5.11%,0.79
2011-10-26,23.83,24.14,24.61,23.57,41008,2137万,4.34%,0.99
2011-10-27,23.83,24.87,25.02,23.83,58223,3100万,4.95%,1.4
2011-10-28,24.87,25.08,25.18,24.66,71352,3826万,2.09%,1.71
2011-10-31,24.97,24.82,24.97,24.51,32601,1734万,1.86%,0.78
2011-11-01,24.35,24.51,24.92,24.35,32124,1704万,2.30%,0.77
2011-11-02,24.30,24.77,24.77,23.73,33943,1774万,4.24%,0.82
2011-11-03,24.71,25.18,25.39,24.66,56576,3054万,2.94%,1.36
2011-11-04,25.23,25.49,25.91,25.08,53096,2899万,3.30%,1.28
2011-11-07,25.65,25.18,25.91,25.02,39168,2133万,3.46%,0.94
2011-11-08,25.18,25.08,25.49,25.02,30204,1637万,1.86%,0.73
2011-11-09,25.18,25.28,25.44,24.61,31416,1691万,3.31%,0.75
2011-11-10,24.87,24.25,25.02,24.25,39742,2102万,3.08%,0.95
2011-11-11,24.45,24.04,24.51,23.93,27246,1425万,2.36%,0.65
2011-11-14,24.40,24.82,24.97,24.25,30101,1600万,3.02%,0.72
2011-11-15,24.77,25.39,25.44,24.77,41108,2221万,2.72%,0.99
2011-11-16,25.39,24.51,25.60,24.30,47389,2523万,5.11%,1.14
2011-11-17,24.35,24.51,24.87,24.19,56979,2998万,2.75%,1.37
2011-11-18,24.30,23.67,24.51,23.62,25752,1333万,3.60%,0.62
2011-11-21,24.09,23.57,24.14,23.26,20687,1059万,3.73%,0.5
2011-11-22,23.52,23.67,23.67,23.05,18452,933万,2.64%,0.44
2011-11-23,23.62,23.57,23.88,23.41,20291,1038万,1.97%,0.49
2011-11-24,23.36,23.52,23.62,23.16,17253,874万,1.98%,0.41
2011-11-25,23.57,23.00,23.73,22.84,19848,1001万,3.75%,0.48
2011-11-28,23.05,23.10,23.26,22.74,13778,688万,2.26%,0.33
2011-11-29,23.21,23.52,23.57,23.05,27669,1394万,2.25%,0.66
2011-11-30,23.31,21.86,23.41,21.49,36247,1765万,8.17%,0.87
2011-12-01,22.58,22.48,23.10,22.22,31043,1529万,4.04%,0.75
2011-12-02,22.48,22.01,22.48,21.60,19155,918万,3.93%,0.46
2011-12-05,22.27,21.29,22.27,21.18,12474,584万,4.95%,0.3
2011-12-06,21.29,21.23,21.29,20.77,10066,465万,2.44%,0.24
2011-12-07,21.29,21.34,21.39,21.03,9328,434万,1.71%,0.22
2011-12-08,21.34,21.23,21.39,20.61,12135,560万,3.65%,0.29
2011-12-09,20.97,20.46,21.18,20.35,12793,581万,3.91%,0.31
2011-12-12,20.56,19.88,20.66,19.88,13614,606万,3.81%,0.33
2011-12-13,19.78,18.59,19.94,18.48,31628,1331万,7.31%,0.76
2011-12-14,18.64,18.38,18.90,18.17,14774,612万,3.91%,0.35
2011-12-15,18.38,17.76,18.38,17.44,20723,828万,5.09%,0.5
2011-12-16,17.70,18.27,18.33,17.65,18858,757万,3.80%,0.45
2011-12-19,18.22,18.01,18.22,17.55,20706,830万,3.69%,0.5
2011-12-20,18.07,18.07,18.53,17.86,25171,1025万,3.75%,0.6
2011-12-21,18.22,17.65,18.43,17.60,21181,855万,4.60%,0.51
2011-12-22,17.34,17.03,17.50,16.35,39179,1505万,6.47%,0.94
2011-12-23,17.24,17.65,17.86,16.92,35227,1386万,5.49%,0.85
2011-12-26,17.60,17.44,18.01,17.29,23049,909万,4.12%,0.55
2011-12-27,17.29,16.87,17.44,16.77,14982,577万,3.87%,0.36
2011-12-28,16.87,16.92,17.18,16.46,18270,693万,4.31%,0.44
2011-12-29,16.92,17.08,17.13,16.72,16157,619万,2.45%,0.39
2011-12-30,17.18,17.55,17.60,17.08,30355,1184万,3.04%,0.73
2012-01-04,17.65,17.18,17.86,17.18,28608,1122万,3.85%,0.69
2012-01-05,17.18,16.09,17.18,16.04,17545,662万,6.65%,0.42
2012-01-06,15.99,16.15,16.20,15.57,15028,544万,3.87%,0.36
2012-01-09,16.09,17.13,17.18,15.99,32710,1237万,7.40%,0.79
2012-01-10,17.03,18.01,18.17,16.92,74106,2953万,7.27%,1.78
2012-01-11,17.86,18.07,18.43,17.76,58786,2383万,3.75%,1.41
2012-01-12,17.86,18.38,19.00,17.76,45206,1849万,6.90%,1.09
2012-01-13,18.27,17.50,18.33,17.24,39210,1552万,5.93%,0.94
2012-01-16,17.39,16.77,17.44,16.66,18926,728万,4.45%,0.45
2012-01-17,16.82,18.12,18.17,16.72,35426,1388万,8.67%,0.85
2012-01-18,18.07,17.55,18.33,17.39,47426,1889万,5.16%,1.14
2012-01-19,17.60,17.76,17.76,17.39,32232,1272万,2.07%,0.77
2012-01-20,17.70,17.86,17.96,17.60,27756,1106万,2.05%,0.67
2012-01-30,17.86,17.50,18.01,17.44,18993,754万,3.20%,0.46
2012-01-31,17.50,17.60,17.65,17.34,18321,720万,1.78%,0.44
2012-02-01,17.65,17.24,17.76,17.18,15861,622万,3.25%,0.38
2012-02-02,17.34,17.70,17.76,17.18,19628,769万,3.31%,0.47
2012-02-03,17.70,18.07,18.22,17.60,32161,1289万,3.52%,0.77
2012-02-06,18.07,18.17,18.33,17.96,30063,1218万,2.01%,0.72
2012-02-07,18.33,18.33,18.95,18.12,96542,3984万,4.57%,2.32
2012-02-08,18.17,19.16,19.21,18.12,88167,3673万,5.95%,2.12
2012-02-09,19.16,18.90,19.26,18.85,77201,3263万,2.17%,1.85
2012-02-10,19.00,18.95,19.26,18.74,56049,2363万,2.75%,1.35
2012-02-13,18.69,19.00,19.11,18.48,38117,1596万,3.29%,0.92
2012-02-14,19.00,19.36,19.42,18.64,59444,2504万,4.10%,1.43
2012-02-15,19.16,19.94,19.99,19.16,88455,3823万,4.29%,2.12
2012-02-16,19.68,19.83,20.14,19.36,66829,2918万,3.91%,1.61
2012-02-17,19.73,19.62,20.04,19.36,36030,1567万,3.40%,0.87
2012-02-20,19.78,19.68,19.99,19.57,37732,1647万,2.12%,0.91
2012-02-21,19.62,19.78,19.78,19.11,37758,1628万,3.43%,0.91
2012-02-22,19.83,20.46,20.87,19.68,77176,3447万,6.04%,1.85
2012-02-23,20.40,20.25,20.46,19.99,35872,1598万,2.28%,0.86
2012-02-24,20.04,20.56,20.56,19.99,50814,2276万,2.82%,1.22
2012-02-27,20.51,20.87,21.65,20.51,108896,5033万,5.56%,2.62
2012-02-28,20.66,20.30,20.87,19.94,65606,2931万,4.48%,1.58
2012-02-29,20.25,20.14,20.51,19.99,36338,1617万,2.56%,0.87
2012-03-01,20.04,20.51,20.66,19.99,47025,2111万,3.35%,1.13
2012-03-02,20.46,20.82,20.87,20.40,39484,1793万,2.28%,0.95
2012-03-05,20.82,21.03,21.44,20.66,64209,2967万,3.74%,1.54
2012-03-06,21.03,20.61,21.03,20.40,32686,1483万,2.96%,0.79
2012-03-07,20.20,20.77,21.13,20.20,44855,2040万,4.53%,1.08
2012-03-08,20.77,21.13,21.34,20.66,51645,2387万,3.25%,1.24
2012-03-09,21.18,21.49,21.55,21.08,56035,2616万,2.21%,1.35
2012-03-12,21.49,21.60,21.81,21.13,44277,2083万,3.14%,1.06
2012-03-13,21.81,22.06,22.43,21.70,75548,3629万,3.37%,1.81
2012-03-14,22.12,20.61,22.22,20.20,79538,3754万,9.18%,1.91
2012-03-15,20.40,20.46,20.82,19.83,38213,1714万,4.79%,0.92
2012-03-16,20.40,22.79,22.79,20.40,148300,7226万,11.68%,3.56
2012-03-19,23.47,23.00,23.47,22.53,196745,9827万,4.10%,4.73
2012-03-20,22.53,22.01,22.84,21.86,83267,4043万,4.29%,2
2012-03-21,22.22,22.48,22.64,21.23,69543,3345万,6.37%,1.67
2012-03-22,22.48,22.48,22.79,22.01,47450,2318万,3.46%,1.14
2012-03-23,22.43,21.49,22.43,21.39,42980,2044万,4.62%,1.03
2012-03-26,21.44,21.18,21.65,20.87,30954,1433万,3.62%,0.74
2012-03-27,21.39,21.03,21.49,20.92,23772,1103万,2.70%,0.57
2012-03-28,20.77,19.68,20.92,19.42,42493,1876万,7.16%,1.02
2012-03-29,19.68,19.21,19.88,18.53,31166,1343万,6.86%,0.75
2012-03-30,19.31,19.26,19.52,18.90,13856,589万,3.24%,0.33
2012-04-05,19.26,19.94,19.94,19.05,20100,874万,4.58%,0.48
2012-04-06,19.73,20.09,20.25,19.73,23112,1021万,2.60%,0.56
2012-04-09,20.04,20.61,20.71,19.83,38668,1731万,4.39%,0.93
2012-04-10,20.40,21.29,21.29,19.73,41652,1879万,7.56%,1
2012-04-11,20.97,21.34,21.81,20.71,39497,1843万,5.12%,0.95
2012-04-12,21.55,21.55,21.55,20.92,37155,1737万,2.92%,0.89
2012-04-13,21.55,22.27,23.57,21.39,80369,3950万,10.12%,1.93
2012-04-16,22.01,24.82,24.82,21.91,316444,1.65亿,13.06%,7.6
2012-04-17,25.02,23.78,26.63,23.62,374901,2.03亿,12.14%,9.01
2012-04-18,23.10,23.78,24.77,22.06,241597,1.21亿,11.36%,5.8
2012-04-19,23.16,22.84,23.26,22.38,117006,5804万,3.71%,2.81
2012-04-20,22.64,23.10,23.57,22.64,98392,4943万,4.09%,2.36
2012-04-23,23.21,22.90,24.04,22.53,106420,5352万,6.52%,2.56
2012-04-24,22.43,23.05,23.21,21.75,98704,4817万,6.35%,2.37
2012-04-25,22.74,23.78,24.09,22.64,132183,6776万,6.31%,3.18
2012-04-26,23.57,23.10,23.99,23.00,65727,3330万,4.15%,1.58
2012-04-27,23.21,22.69,23.21,22.43,42033,2072万,3.37%,1.01
2012-05-02,23.05,23.05,23.26,22.74,38893,1940万,2.29%,0.93
2012-05-03,22.84,22.79,23.05,22.53,43738,2160万,2.25%,1.05
2012-05-04,22.69,22.90,22.95,22.53,27714,1370万,1.82%,0.67
2012-05-07,22.74,22.90,22.90,22.48,25747,1266万,1.81%,0.62
2012-05-08,22.84,23.26,23.31,22.58,37923,1896万,3.18%,0.91
2012-05-09,23.00,22.64,23.21,22.53,33786,1674万,2.90%,0.81
2012-05-10,22.53,22.64,22.90,22.53,19783,974万,1.61%,0.48
2012-05-11,22.69,22.17,22.69,22.12,27696,1350万,2.52%,0.67
2012-05-14,22.32,22.17,22.48,22.01,14591,707万,2.11%,0.35
2012-05-15,22.17,21.86,22.17,21.49,26784,1271万,3.04%,0.64
2012-05-16,21.75,21.60,21.91,21.55,15032,712万,1.66%,0.36
2012-05-17,21.65,22.06,22.17,21.39,22638,1078万,3.61%,0.54
2012-05-21,21.81,21.34,21.91,21.13,18952,892万,3.53%,0.46
2012-05-22,21.39,21.75,21.86,21.23,21212,997万,2.92%,0.51
2012-05-23,21.49,21.96,22.12,21.49,23554,1124万,2.86%,0.57
2012-05-24,21.86,21.75,22.17,21.65,15207,725万,2.36%,0.37
2012-05-25,21.91,21.23,21.91,21.23,15341,720万,3.10%,0.37
2012-05-28,21.23,21.65,21.91,20.66,24431,1136万,5.87%,0.59
2012-05-29,21.70,22.12,22.27,21.44,30205,1446万,3.84%,0.73
2012-05-30,22.17,21.96,22.27,21.75,22086,1058万,2.35%,0.53
2012-05-31,21.75,21.75,22.06,21.49,15713,747万,2.60%,0.38
2012-06-01,21.60,21.86,21.96,21.55,14225,677万,1.91%,0.34
2012-06-04,21.49,20.56,21.49,20.51,23995,1105万,4.51%,0.58
2012-06-05,20.82,20.46,20.92,20.35,10894,492万,2.78%,0.26
2012-06-06,20.82,20.46,20.82,20.30,10344,465万,2.54%,0.25
2012-06-07,20.46,20.14,20.82,20.04,15220,684万,3.81%,0.37
2012-06-08,20.30,19.88,20.40,19.68,12903,571万,3.61%,0.31
2012-06-11,19.94,20.40,20.46,19.73,14086,626万,3.66%,0.34
2012-06-12,20.25,20.51,20.61,20.04,10724,481万,2.80%,0.26
2012-06-13,20.66,20.71,20.82,20.35,13959,632万,2.28%,0.34
2012-06-14,20.71,20.46,20.97,20.35,9188,416万,3.01%,0.22
2012-06-15,20.51,20.56,20.77,20.35,8808,398万,2.03%,0.21
2012-06-18,20.56,20.71,20.82,20.56,9870,449万,1.26%,0.24
2012-06-19,20.77,20.30,20.77,19.57,11161,501万,5.77%,0.27
2012-06-20,20.30,20.46,20.66,20.30,9253,417万,1.79%,0.22
2012-06-21,20.46,20.66,20.87,20.14,21332,963万,3.55%,0.51
2012-06-25,20.46,19.52,20.46,19.36,16397,722万,5.28%,0.39
2012-06-26,19.52,19.73,19.88,19.31,12390,536万,2.93%,0.3
2012-06-27,19.68,19.73,20.35,19.47,11739,516万,4.47%,0.28
2012-06-28,19.68,19.16,19.88,19.11,11292,487万,3.95%,0.27
2012-06-29,19.21,21.39,21.39,18.79,93443,4330万,13.55%,2.24
2012-07-02,22.43,21.91,23.00,21.65,143370,6979万,6.31%,3.44
2012-07-03,21.65,22.84,22.90,21.08,113524,5485万,8.30%,2.73
2012-07-04,22.69,22.27,22.84,22.17,65813,3218万,2.95%,1.58
2012-07-05,21.91,21.55,22.95,21.39,89702,4362万,6.99%,2.15
2012-07-06,21.86,21.91,21.96,20.51,74491,3471万,6.75%,1.79
2012-07-09,21.65,22.27,22.53,21.13,98456,4726万,6.40%,2.37
2012-07-10,21.81,22.17,22.79,21.49,91170,4416万,5.83%,2.19
2012-07-11,22.17,21.34,23.31,21.13,181424,8842万,9.84%,4.36
2012-07-12,20.77,20.35,20.77,18.95,98535,4362万,8.52%,2.37
2012-07-13,20.04,19.78,20.20,19.52,59918,2624万,3.32%,1.44
2012-07-16,19.88,18.95,19.94,18.90,35803,1527万,5.25%,0.86
2012-07-17,18.85,19.11,19.31,18.12,35503,1485万,6.30%,0.85
2012-07-18,18.95,19.00,19.21,18.33,35706,1492万,4.62%,0.86
2012-07-19,18.90,19.42,20.09,18.69,53837,2319万,7.38%,1.29
2012-07-20,19.42,19.16,19.57,19.11,30814,1318万,2.41%,0.74
2012-07-23,18.90,19.26,19.68,18.53,33784,1431万,5.96%,0.81
2012-07-24,18.95,19.73,20.09,18.95,48529,2107万,5.93%,1.17
2012-07-25,19.42,19.21,19.73,19.11,32189,1384万,3.16%,0.77
2012-07-26,19.21,18.90,19.36,18.85,20212,856万,2.70%,0.49
2012-07-27,19.00,18.79,19.11,18.64,14539,609万,2.47%,0.35
2012-07-30,18.79,17.96,18.95,17.91,20731,850万,5.53%,0.5
2012-07-31,17.96,17.70,18.22,17.44,15343,611万,4.34%,0.37
2012-08-01,17.70,18.01,18.33,17.70,17130,692万,3.52%,0.41
2012-08-02,17.91,17.86,18.01,17.76,11804,472万,1.44%,0.28
2012-08-03,17.96,18.17,18.22,17.91,13364,540万,1.74%,0.32
2012-08-06,18.17,18.85,19.16,18.17,30582,1281万,5.43%,0.73
2012-08-07,18.79,19.00,19.05,18.64,26017,1091万,2.20%,0.63
2012-08-08,18.90,19.00,19.36,18.79,21892,925万,3.01%,0.53
2012-08-09,18.95,19.26,19.31,18.85,25909,1099万,2.46%,0.62
2012-08-10,19.26,19.11,19.36,19.00,18271,778万,1.89%,0.44
2012-08-13,19.00,19.16,19.88,18.90,33404,1428万,5.16%,0.8
2012-08-14,18.95,19.11,19.21,18.53,24613,1031万,3.52%,0.59
2012-08-15,19.11,18.69,19.11,18.64,14657,614万,2.45%,0.35
2012-08-16,18.64,18.59,18.79,18.53,9757,405万,1.39%,0.23
2012-08-17,18.59,18.69,18.79,18.43,8921,370万,1.96%,0.21
2012-08-20,18.69,18.95,19.11,18.38,13128,547万,3.89%,0.32
2012-08-21,18.90,19.11,19.26,18.85,18184,772万,2.19%,0.44
2012-08-22,19.31,18.85,19.36,18.74,12298,519万,3.26%,0.3
2012-08-23,18.85,19.05,19.05,18.74,11830,498万,1.65%,0.28
2012-08-24,19.05,18.59,19.11,18.53,11791,492万,3.00%,0.28
2012-08-27,18.59,18.17,18.59,18.12,10654,434万,2.51%,0.26
2012-08-28,18.17,18.38,18.48,18.17,6295,257万,1.71%,0.15
2012-08-29,18.33,18.17,18.64,18.12,9028,370万,2.83%,0.22
2012-08-30,18.17,18.17,18.43,17.91,14373,584万,2.86%,0.35
2012-08-31,18.27,18.22,18.38,18.12,7983,326万,1.43%,0.19
2012-09-03,18.33,18.43,18.48,18.12,11949,489万,1.99%,0.29
2012-09-04,18.43,18.43,18.59,18.27,10423,428万,1.69%,0.25
2012-09-05,18.27,18.48,18.69,18.27,9849,406万,2.25%,0.24
2012-09-06,18.59,18.79,18.79,18.48,14184,589万,1.69%,0.34
2012-09-07,18.85,19.47,19.68,18.79,33781,1443万,4.70%,0.81
2012-09-10,19.36,19.47,19.57,19.21,22760,977万,1.87%,0.55
2012-09-11,19.47,19.21,19.47,19.11,13871,592万,1.87%,0.33
2012-09-12,19.26,19.52,19.57,19.26,17193,739万,1.62%,0.41
2012-09-13,19.47,19.05,19.52,19.05,13366,572万,2.39%,0.32
2012-09-14,19.26,19.16,19.31,18.85,17080,724万,2.45%,0.41
2012-09-17,19.21,18.53,19.26,18.48,11441,480万,4.07%,0.27
2012-09-18,18.27,18.38,18.69,18.27,7929,327万,2.24%,0.19
2012-09-19,18.38,18.69,18.79,18.38,8331,346万,2.26%,0.2
2012-09-20,18.69,18.17,18.69,18.07,14198,580万,3.33%,0.34
2012-09-21,18.17,18.22,18.33,18.01,9902,403万,1.71%,0.24
2012-09-24,18.12,18.27,18.48,17.96,8976,365万,2.85%,0.22
2012-09-25,18.12,18.22,18.43,18.07,8582,349万,1.99%,0.21
2012-09-26,18.17,17.86,18.22,17.86,10427,419万,1.99%,0.25
2012-09-27,17.91,18.27,18.38,17.70,14605,591万,3.78%,0.35
2012-09-28,18.22,18.53,18.59,18.22,12020,494万,1.99%,0.29
2012-10-08,18.33,18.43,18.64,18.33,11833,486万,1.68%,0.28
2012-10-09,18.43,18.85,18.85,18.43,23050,961万,2.25%,0.55
2012-10-10,18.69,19.11,19.36,18.64,29011,1228万,3.86%,0.7
2012-10-11,18.90,18.79,19.16,18.53,18652,781万,3.26%,0.45
2012-10-12,18.79,19.73,20.77,18.69,96592,4234万,11.05%,2.32
2012-10-15,19.47,19.21,19.73,18.85,45138,1919万,4.47%,1.08
2012-10-16,19.16,19.94,21.13,18.85,96856,4285万,11.89%,2.33
2012-10-17,19.52,19.73,20.20,19.47,46322,2021万,3.65%,1.11
2012-10-18,19.73,19.78,19.99,19.57,34802,1522万,2.11%,0.84
2012-10-19,19.62,19.36,19.78,19.31,26689,1156万,2.36%,0.64
2012-10-22,19.26,19.36,19.47,19.05,19339,825万,2.15%,0.46
2012-10-23,19.31,19.31,19.52,19.26,18198,781万,1.34%,0.44
2012-10-24,19.26,19.62,19.73,19.11,25773,1114万,3.23%,0.62
2012-10-25,19.62,19.16,19.78,19.11,21836,937万,3.44%,0.52
2012-10-26,19.11,18.69,19.21,18.43,21220,887万,4.07%,0.51
2012-10-29,18.59,18.38,18.79,18.33,12298,508万,2.50%,0.3
2012-10-30,18.48,18.59,18.69,18.27,12345,510万,2.26%,0.3
2012-10-31,18.69,18.69,18.69,18.33,8352,344万,1.96%,0.2
2012-11-01,18.59,19.05,19.11,18.59,14838,624万,2.78%,0.36
2012-11-02,19.11,19.05,19.21,18.79,25540,1077万,2.18%,0.61
2012-11-05,19.00,19.11,19.21,18.90,10656,450万,1.64%,0.26
2012-11-06,18.95,18.79,19.05,18.53,12564,523万,2.72%,0.3
2012-11-07,18.69,18.79,18.95,18.64,8970,375万,1.66%,0.22
2012-11-08,18.64,18.17,18.64,18.17,11554,474万,2.49%,0.28
2012-11-09,18.12,18.53,18.53,18.07,12606,517万,2.57%,0.3
2012-11-12,18.59,18.59,18.90,18.48,10534,438万,2.24%,0.25
2012-11-13,18.74,18.33,18.74,18.27,7864,323万,2.51%,0.19
2012-11-14,18.33,18.43,18.48,18.17,5868,240万,1.70%,0.14
2012-11-15,18.38,17.81,18.38,17.76,11498,464万,3.38%,0.28
2012-11-16,17.91,17.86,17.91,17.60,9355,372万,1.75%,0.22
2012-11-19,17.65,17.86,17.91,17.50,5951,236万,2.33%,0.14
2012-11-20,17.96,17.91,18.01,17.81,5654,227万,1.16%,0.14
2012-11-21,17.91,18.12,18.12,17.60,6969,280万,2.90%,0.17
2012-11-22,18.07,17.81,18.12,17.76,5622,226万,2.01%,0.14
2012-11-23,17.86,17.91,18.07,17.86,4561,184万,1.17%,0.11
2012-11-26,17.86,17.70,18.01,17.65,4684,187万,2.03%,0.11
2012-11-27,17.70,16.66,17.70,16.66,13462,521万,5.87%,0.32
2012-11-28,16.77,16.51,16.82,16.41,7469,280万,2.49%,0.18
2012-11-29,16.66,16.56,16.87,16.46,7112,269万,2.52%,0.17
2012-11-30,16.56,16.72,16.92,16.51,6147,232万,2.51%,0.15
2012-12-03,16.56,16.46,16.82,16.46,6027,226万,2.17%,0.14
2012-12-04,16.46,16.66,16.77,15.94,9058,335万,5.05%,0.22
2012-12-05,16.51,17.18,17.39,16.51,15129,583万,5.30%,0.36
2012-12-06,17.13,16.98,17.29,16.87,5718,220万,2.42%,0.14
2012-12-07,16.92,17.44,17.50,16.92,15902,618万,3.36%,0.38
2012-12-10,17.55,17.65,17.70,17.39,12651,499万,1.79%,0.3
2012-12-11,17.70,17.70,18.12,17.50,20558,822万,3.53%,0.49
2012-12-12,17.50,17.55,17.76,17.29,10668,420万,2.64%,0.26
2012-12-13,17.65,17.39,17.65,17.29,13425,527万,2.07%,0.32
2012-12-14,17.34,17.96,18.12,17.24,26161,1047万,5.08%,0.63
2012-12-17,18.01,18.12,18.17,17.81,20792,838万,2.02%,0.5
2012-12-18,18.07,18.12,18.74,17.86,28811,1175万,4.87%,0.69
2012-12-19,18.07,18.12,18.17,17.96,12557,507万,1.15%,0.3
2012-12-20,18.01,18.01,18.07,17.76,13515,542万,1.72%,0.32
2012-12-21,17.91,17.96,18.17,17.86,11360,457万,1.73%,0.27
2012-12-24,17.91,17.91,18.01,17.65,11249,450万,2.02%,0.27
2012-12-25,17.91,18.27,18.43,17.76,25258,1028万,3.77%,0.61
2012-12-26,18.38,18.48,18.48,18.17,27086,1110万,1.70%,0.65
2012-12-27,18.53,18.27,18.53,18.22,18645,763万,1.69%,0.45
2012-12-28,18.27,18.53,18.59,18.12,31195,1279万,2.56%,0.75
2012-12-31,18.38,18.59,18.64,18.38,22997,950万,1.40%,0.55
2013-01-04,18.74,18.48,18.74,18.27,21596,892万,2.51%,0.52
2013-01-07,18.38,18.85,19.00,18.33,31360,1309万,3.65%,0.75
2013-01-08,18.90,18.79,18.95,18.64,25208,1052万,1.65%,0.61
2013-01-09,18.79,18.85,19.00,18.64,22982,963万,1.93%,0.55
2013-01-10,18.74,19.05,19.47,18.74,40389,1712万,3.86%,0.97
2013-01-11,19.05,18.48,19.05,18.48,29664,1239万,3.00%,0.71
2013-01-14,18.38,18.95,18.95,18.33,33164,1380万,3.37%,0.8
2013-01-15,18.95,19.26,19.31,18.90,40714,1731万,2.19%,0.98
2013-01-16,19.36,19.16,19.36,18.85,35791,1515万,2.70%,0.86
2013-01-17,19.16,19.00,19.26,18.90,17389,735万,1.90%,0.42
2013-01-18,19.05,19.21,19.26,18.90,23079,979万,1.91%,0.55
2013-01-21,19.21,19.73,20.04,19.16,64053,2784万,4.60%,1.54
2013-01-22,19.83,19.31,19.88,19.26,31590,1360万,3.16%,0.76
2013-01-23,18.90,19.36,19.42,18.85,23544,998万,2.96%,0.57
2013-01-24,19.31,18.74,19.42,18.59,29182,1231万,4.29%,0.7
2013-01-25,18.90,19.00,19.00,18.64,18508,777万,1.94%,0.44
2013-01-28,19.00,19.62,19.68,18.85,33514,1439万,4.37%,0.81
2013-01-29,19.68,19.73,19.88,19.52,29802,1298万,1.85%,0.72
2013-01-30,19.73,19.78,20.20,19.62,42423,1863万,2.90%,1.02
2013-01-31,19.78,19.57,19.94,19.52,22975,1000万,2.10%,0.55
2013-02-01,19.47,19.83,20.04,19.47,32628,1432万,2.92%,0.78
2013-02-04,19.94,19.99,20.14,19.68,32528,1431万,2.36%,0.78
2013-02-05,19.99,19.94,19.99,19.57,19849,868万,2.08%,0.48
2013-02-06,19.94,20.14,20.25,19.83,29369,1301万,2.08%,0.71
2013-02-07,20.09,19.88,20.14,19.78,15738,692万,1.80%,0.38
2013-02-08,19.88,20.30,20.35,19.88,30747,1371万,2.35%,0.74
2013-02-18,20.35,20.25,20.51,20.04,16329,729万,2.30%,0.39
2013-02-19,20.25,19.88,20.25,19.62,23521,1031万,3.08%,0.57
2013-02-20,19.88,20.09,20.14,19.73,20833,917万,2.09%,0.5
2013-02-21,20.04,19.42,20.04,19.26,22793,987万,3.88%,0.55
2013-02-22,19.36,19.62,19.94,19.31,24667,1072万,3.21%,0.59
2013-02-25,19.62,20.04,20.09,19.52,19089,838万,2.91%,0.46
2013-02-26,19.99,19.42,20.04,19.36,14881,649万,3.37%,0.36
2013-02-27,19.47,19.57,19.73,19.36,12319,532万,1.87%,0.3
2013-02-28,19.73,19.83,19.94,19.47,14378,626万,2.39%,0.35
2013-03-01,19.83,20.04,20.09,19.62,14805,651万,2.36%,0.36
2013-03-04,19.99,19.68,20.14,19.57,27911,1222万,2.85%,0.67
2013-03-05,19.62,20.04,20.14,19.47,21711,953万,3.43%,0.52
2013-03-06,20.04,21.13,21.39,19.88,71067,3258万,7.51%,1.71
2013-03-07,21.08,20.77,21.08,20.61,30401,1392万,2.21%,0.73
2013-03-08,20.77,20.56,21.23,20.46,18206,831万,3.75%,0.44
2013-03-11,20.61,20.92,21.08,20.25,22644,1035万,4.04%,0.54
2013-03-12,20.97,20.40,21.08,19.94,38096,1717万,5.46%,0.92
2013-03-13,20.30,19.94,20.40,19.78,12433,546万,3.05%,0.3
2013-03-14,19.94,21.03,21.23,19.94,34471,1579万,6.51%,0.83
2013-03-15,20.87,20.61,21.49,20.61,34039,1571万,4.20%,0.82
2013-03-18,20.30,20.14,20.66,20.14,14145,634万,2.52%,0.34
2013-03-19,20.14,20.30,20.61,19.94,9349,415万,3.35%,0.22
2013-03-20,20.30,20.82,20.87,20.20,17160,777万,3.33%,0.41
2013-03-21,20.87,20.77,21.13,20.56,18368,837万,2.74%,0.44
2013-03-22,20.61,20.56,20.82,20.35,12212,554万,2.25%,0.29
2013-03-25,20.61,21.13,21.39,20.56,31562,1459万,4.04%,0.76
2013-03-26,21.13,21.23,21.29,20.66,26724,1234万,2.95%,0.64
2013-03-27,21.13,20.77,21.13,20.40,36098,1645万,3.42%,0.87
2013-03-28,20.56,19.73,20.56,19.73,33577,1480万,4.00%,0.81
2013-03-29,19.73,19.11,20.09,19.05,31531,1355万,5.26%,0.76
2013-04-01,19.11,19.31,19.52,19.05,10755,461万,2.45%,0.26
2013-04-02,19.52,19.31,19.57,19.16,10905,468万,2.15%,0.26
2013-04-03,19.57,19.62,19.73,19.21,22584,973万,2.69%,0.54
2013-04-08,19.36,19.68,19.78,19.16,12642,546万,3.18%,0.3
2013-04-09,19.78,19.83,19.94,19.62,10581,462万,1.58%,0.25
2013-04-10,19.68,19.57,19.99,19.52,7909,345万,2.36%,0.19
2013-04-11,19.57,19.16,19.78,19.16,9276,398万,3.18%,0.22
2013-04-12,19.16,19.00,19.31,18.90,8110,343万,2.17%,0.19
2013-04-15,18.95,18.74,19.36,18.64,7344,307万,3.83%,0.18
2013-04-16,18.64,19.21,19.31,18.59,6118,257万,3.88%,0.15
2013-04-17,19.16,19.05,19.16,18.85,3726,157万,1.62%,0.09
2013-04-18,18.85,18.90,19.11,18.79,3828,161万,1.64%,0.09
2013-04-19,18.90,19.31,19.83,18.90,14976,643万,4.95%,0.36
2013-04-22,19.36,19.11,19.42,18.95,13803,585万,2.42%,0.33
2013-04-23,19.11,18.48,19.16,18.38,12535,523万,4.08%,0.3
2013-04-24,18.53,18.90,18.95,18.48,14117,589万,2.53%,0.34
2013-04-25,18.69,18.74,18.85,18.48,15579,646万,1.92%,0.37
2013-04-26,18.69,18.27,18.69,18.22,7142,294万,2.49%,0.17
2013-05-02,18.27,18.17,18.38,18.07,8975,365万,1.70%,0.22
2013-05-03,18.17,18.53,18.74,18.17,8690,359万,3.14%,0.21
2013-05-06,18.64,18.79,18.85,18.48,6941,289万,1.96%,0.17
2013-05-07,18.69,18.69,18.79,18.59,5410,225万,1.11%,0.13
2013-05-08,18.69,18.85,18.90,18.64,8352,349万,1.39%,0.2
2013-05-09,18.85,18.69,18.85,18.59,8531,355万,1.38%,0.2
2013-05-10,18.74,20.87,20.87,18.59,106837,4724万,12.22%,2.57
2013-05-13,21.29,20.14,21.34,19.88,108602,4871万,6.97%,2.61
2013-05-14,19.78,20.20,20.77,19.47,59781,2647万,6.44%,1.44
2013-05-15,19.99,19.94,20.09,19.68,25811,1131万,2.06%,0.62
2013-05-16,19.99,19.94,20.20,19.73,24999,1099万,2.34%,0.6
2013-05-17,19.94,20.09,20.20,19.83,28589,1264万,1.82%,0.69
2013-05-20,20.09,20.14,20.30,19.88,32193,1425万,2.07%,0.77
2013-05-21,20.09,20.46,20.46,19.94,29034,1298万,2.58%,0.7
2013-05-22,20.46,19.99,20.66,19.99,32498,1449万,3.30%,0.78
2013-05-23,19.94,19.62,20.20,19.57,22914,1006万,3.12%,0.55
2013-05-24,19.57,19.99,20.04,19.57,22818,998万,2.38%,0.55
2013-05-27,19.94,19.99,19.99,19.78,17172,754万,1.04%,0.41
2013-05-28,19.94,20.20,20.25,19.73,24574,1086万,2.60%,0.59
2013-05-29,20.14,20.25,20.46,20.04,30716,1374万,2.06%,0.74
2013-05-30,20.20,20.30,20.40,20.09,21902,976万,1.54%,0.53
2013-05-31,20.40,19.99,20.46,19.94,24971,1108万,2.56%,0.6
2013-06-03,19.94,20.92,21.13,19.94,67878,3084万,5.97%,1.63
2013-06-04,20.66,21.03,21.13,20.20,51043,2319万,4.47%,1.23
2013-06-05,20.87,20.77,21.18,20.40,39376,1796万,3.70%,0.95
2013-06-06,20.77,20.56,20.82,20.25,32029,1447万,2.75%,0.77
2013-06-07,20.46,19.31,20.66,19.26,37256,1628万,6.82%,0.89
2013-06-13,19.31,19.16,19.42,18.43,18988,797万,5.11%,0.46
2013-06-14,19.21,19.31,19.42,19.16,10833,463万,1.36%,0.26
2013-06-17,19.31,19.26,19.42,19.05,8452,361万,1.88%,0.2
2013-06-18,19.31,19.00,19.36,19.00,9193,391万,1.89%,0.22
2013-06-19,19.00,18.74,19.00,18.27,12850,533万,3.83%,0.31
2013-06-20,18.74,18.33,18.85,18.27,11623,480万,3.05%,0.28
2013-06-21,18.33,18.33,18.48,18.07,10608,433万,2.27%,0.25
2013-06-24,18.43,17.44,19.05,17.34,27497,1119万,9.35%,0.66
2013-06-25,17.60,17.13,18.01,16.04,29065,1106万,11.31%,0.7
2013-06-26,17.24,17.18,17.60,17.08,15605,606万,3.03%,0.37
2013-06-27,17.24,17.29,17.55,17.13,13922,543万,2.42%,0.33
2013-06-28,17.29,17.13,17.50,16.98,8118,314万,3.00%,0.2
2013-07-01,17.13,17.18,17.24,16.98,8484,327万,1.52%,0.2
2013-07-02,17.24,17.39,17.50,16.98,8985,348万,3.02%,0.22
2013-07-03,17.39,17.13,17.39,16.87,8616,332万,2.99%,0.21
2013-07-04,17.18,17.24,17.39,16.87,15100,583万,3.03%,0.36
2013-07-05,17.24,17.34,17.96,17.13,19769,777万,4.82%,0.47
2013-07-08,17.03,16.46,17.29,16.20,15619,590万,6.29%,0.38
2013-07-09,16.56,16.72,16.72,16.35,5090,190万,2.21%,0.12
2013-07-10,17.76,18.69,18.69,17.76,45215,1879万,5.59%,1.09
2013-07-11,20.87,20.04,20.87,19.73,200831,8929万,6.11%,4.82
2013-07-12,19.42,18.95,19.73,18.85,101847,4340万,4.40%,2.45
2013-07-15,18.59,18.95,19.05,18.59,48048,2009万,2.47%,1.15
2013-07-16,18.90,18.85,19.00,18.59,36102,1507万,2.19%,0.87
2013-07-17,18.85,18.07,18.85,17.86,55133,2259万,5.24%,1.32
2013-07-18,17.96,18.85,19.26,17.70,67833,2787万,8.62%,1.63
2013-07-19,18.38,17.65,18.48,17.50,41956,1701万,5.24%,1.01
2013-07-22,17.65,17.91,17.91,17.29,17902,709万,3.53%,0.43
2013-07-23,17.91,18.12,18.33,17.65,20718,838万,3.77%,0.5
2013-07-24,18.12,18.17,18.38,17.96,20209,820万,2.29%,0.49
2013-07-25,18.07,17.96,18.27,17.86,18268,735万,2.29%,0.44
2013-07-26,17.91,17.60,17.96,17.50,16624,659万,2.60%,0.4
2013-07-29,17.50,17.44,17.60,17.34,14060,552万,1.48%,0.34
2013-07-30,17.34,17.60,17.70,17.18,12609,494万,2.98%,0.3
2013-07-31,17.55,17.76,17.81,17.55,13380,531万,1.48%,0.32
2013-08-01,17.86,18.07,18.12,17.76,14710,591万,2.05%,0.35
2013-08-02,18.07,17.96,18.33,17.96,15645,634万,2.01%,0.38
2013-08-05,17.96,18.12,18.17,17.96,13646,551万,1.16%,0.33
2013-08-06,18.27,18.38,18.74,18.01,34539,1417万,4.01%,0.83
2013-08-07,18.33,18.22,18.48,18.07,21178,862万,2.26%,0.51
2013-08-08,18.22,18.12,18.33,17.91,13868,562万,2.28%,0.33
2013-08-09,18.17,18.22,18.27,18.01,21280,864万,1.43%,0.51
2013-08-12,18.12,18.48,18.48,18.01,33224,1359万,2.56%,0.8
2013-08-13,18.38,18.53,18.53,18.33,24092,990万,1.12%,0.58
2013-08-14,18.48,18.79,19.42,18.38,78959,3329万,5.60%,1.9
2013-08-15,18.74,19.47,20.46,18.59,147788,6368万,9.95%,3.55
2013-08-16,19.11,18.53,19.42,18.38,93593,3902万,5.33%,2.25
2013-08-19,18.48,19.52,20.14,18.33,99817,4276万,9.81%,2.4
2013-08-20,19.42,19.26,19.78,19.05,68167,2929万,3.72%,1.64
2013-08-21,19.42,19.16,19.42,18.69,48726,2054万,3.77%,1.17
2013-08-22,19.05,19.05,19.31,18.79,31269,1321万,2.71%,0.75
2013-08-23,19.21,18.90,19.26,18.53,35448,1492万,3.82%,0.85
2013-08-26,18.79,21.08,21.08,18.79,318518,1.44亿,12.09%,7.65
2013-08-27,20.51,21.81,22.22,20.46,385201,1.79亿,8.38%,9.25
2013-08-28,21.13,20.97,21.75,20.77,243705,1.13亿,4.52%,5.85
2013-08-29,20.77,23.36,23.36,20.71,464168,2.29亿,12.63%,11.15
2013-08-30,23.88,26.01,26.01,23.83,295243,1.62亿,9.33%,7.09
2013-09-02,28.14,23.10,28.14,23.10,418989,2.17亿,19.36%,10.07
2013-09-03,22.17,21.96,22.53,21.34,290829,1.39亿,5.17%,6.99
2013-09-04,21.91,22.22,22.95,21.70,214924,1.04亿,5.67%,5.16
2013-09-05,22.01,21.49,22.01,21.18,167413,7865万,3.74%,4.02
2013-09-06,21.23,21.75,22.43,21.23,189960,9067万,5.56%,4.56
2013-09-09,21.86,22.27,22.64,21.29,219025,1.05亿,6.21%,5.26
2013-09-10,22.22,23.36,23.78,22.01,312156,1.56亿,7.93%,7.5
2013-09-11,23.05,22.58,23.36,22.22,174322,8568万,4.89%,4.19
2013-09-12,22.17,22.64,22.79,21.60,116513,5673万,5.29%,2.8
2013-09-13,22.38,22.32,22.79,21.96,104034,5065万,3.67%,2.5
2013-09-16,22.38,23.05,23.16,22.32,126336,6247万,3.72%,3.03
2013-09-17,22.79,21.91,23.05,21.91,108828,5289万,4.96%,2.61
2013-09-18,21.49,21.75,21.86,21.23,85833,4037万,2.84%,2.06
2013-09-23,21.70,21.96,22.01,21.49,78508,3729万,2.39%,1.89
2013-09-24,21.81,22.27,22.43,21.44,110853,5293万,4.49%,2.66
2013-09-25,22.06,22.53,23.21,21.96,185854,9151万,5.60%,4.46
2013-09-26,22.27,20.71,22.53,20.46,100571,4744万,9.22%,2.42
2013-09-27,20.97,20.56,21.13,20.25,66799,3039万,4.26%,1.6
2013-09-30,20.51,20.77,20.87,20.46,36500,1658万,2.02%,0.88
2013-10-08,20.87,23.16,23.16,20.82,191559,9420万,11.25%,4.6
2013-10-09,24.25,25.75,25.75,24.25,296602,1.61亿,6.50%,7.13
2013-10-10,27.83,25.44,28.19,24.51,556298,3.13亿,14.32%,13.36
2013-10-11,24.66,24.71,25.34,23.88,211005,1.11亿,5.72%,5.07
2013-10-14,24.56,24.19,24.56,23.73,163459,8498万,3.36%,3.93
2013-10-15,24.14,24.45,24.51,23.57,156203,8096万,3.86%,3.75
2013-10-16,24.14,23.31,24.40,23.21,117438,5999万,4.88%,2.82
2013-10-17,23.52,23.00,23.78,22.95,75914,3829万,3.56%,1.82
2013-10-18,22.95,23.16,23.41,22.95,47421,2386万,2.03%,1.14
2013-10-21,23.31,23.67,23.73,22.58,85488,4295万,4.93%,2.05
2013-10-22,24.25,26.32,26.32,24.25,374083,2.09亿,8.77%,8.99
2013-10-23,24.61,25.08,26.37,24.25,327304,1.78亿,8.09%,7.86
2013-10-24,24.09,23.67,24.25,23.41,135312,6944万,3.31%,3.25
2013-10-25,23.67,23.16,24.04,23.05,78477,3975万,4.17%,1.89
2013-10-28,23.05,22.64,23.31,22.48,61544,3036万,3.59%,1.48
2013-10-29,22.64,21.75,23.16,20.51,90567,4303万,11.70%,2.18
2013-10-30,21.39,24.25,24.25,21.39,158245,8066万,13.13%,3.8
2013-10-31,24.25,23.47,25.23,23.36,195726,1.02亿,7.71%,4.7
2013-11-01,22.90,23.47,24.35,21.55,128503,6478万,11.95%,3.09
2013-11-04,22.90,24.09,24.56,22.84,119932,6204万,7.30%,2.88
2013-11-05,23.73,24.92,26.12,23.41,213300,1.14亿,11.21%,5.12
2013-11-06,24.35,23.57,24.92,23.52,150349,7838万,5.63%,3.61
2013-11-07,23.41,24.30,24.51,23.05,93136,4780万,6.17%,2.24
2013-11-08,24.09,24.82,25.49,23.93,209239,1.12亿,6.41%,5.03
2013-11-11,24.61,24.19,24.82,23.73,89505,4662万,4.39%,2.15
2013-11-12,24.04,24.92,25.39,23.99,158730,8504万,5.79%,3.81
2013-11-13,24.77,23.62,24.87,23.57,99761,5218万,5.21%,2.4
2013-11-14,23.36,23.67,23.78,22.74,93777,4720万,4.40%,2.25
2013-11-15,23.52,24.35,24.97,23.41,109169,5719万,6.58%,2.62
2013-11-18,24.51,25.18,25.39,24.09,171902,9234万,5.33%,4.13
2013-11-19,25.23,25.34,25.91,24.45,180989,9791万,5.77%,4.35
2013-11-20,24.82,27.15,28.09,24.82,377716,2.15亿,12.91%,9.07
2013-11-21,26.79,28.04,29.80,26.37,467735,2.82亿,12.62%,11.24
2013-11-22,27.78,25.96,28.04,25.91,269353,1.53亿,7.59%,6.47
2013-11-25,26.37,26.32,27.47,25.96,200964,1.15亿,5.80%,4.83
2013-11-26,26.17,25.65,26.89,25.23,137735,7593万,6.31%,3.31
2013-11-27,25.86,26.17,26.37,25.13,112883,6232万,4.86%,2.71
2013-11-28,26.17,25.86,26.43,25.60,96626,5391万,3.17%,2.32
2013-11-29,25.70,25.86,26.06,25.44,70198,3869万,2.41%,1.69
2013-12-02,25.34,23.78,25.34,23.36,117560,6163万,7.63%,2.82
2013-12-03,23.62,25.39,25.65,23.62,89238,4723万,8.52%,2.14
2013-12-04,25.28,26.32,27.26,24.97,220853,1.24亿,9.00%,5.31
2013-12-05,26.01,25.86,26.32,25.49,88610,4895万,3.16%,2.13
2013-12-06,25.91,26.01,26.79,25.70,83086,4671万,4.22%,2
2013-12-09,26.17,26.22,26.48,25.86,54332,3042万,2.40%,1.31
2013-12-10,26.22,26.17,26.32,25.54,79319,4407万,2.97%,1.91
2013-12-11,26.17,26.17,27.10,25.70,145239,8232万,5.36%,3.49
2013-12-12,25.91,25.39,25.96,25.13,89831,4915万,3.17%,2.16
2013-12-13,25.13,25.80,25.91,24.87,57361,3138万,4.09%,1.38
2013-12-16,25.65,24.92,25.70,24.92,54070,2936万,3.02%,1.3
2013-12-17,24.92,24.45,25.34,24.40,51181,2742万,3.75%,1.23
2013-12-18,24.35,23.99,24.82,23.10,54161,2828万,7.01%,1.3
2013-12-19,24.04,23.36,24.25,23.05,82261,4192万,4.98%,1.98
2013-12-20,23.41,22.64,23.47,22.53,54736,2721万,4.00%,1.31
2013-12-23,22.53,22.32,22.79,21.55,46297,2241万,5.51%,1.11
2013-12-24,22.32,22.74,22.90,22.27,32183,1582万,2.79%,0.77
2013-12-25,22.64,22.43,22.84,22.22,52867,2586万,2.74%,1.27
2013-12-26,22.43,21.39,22.58,21.34,51630,2462万,5.56%,1.24
2013-12-27,21.44,22.01,22.12,21.23,70830,3359万,4.13%,1.7
2013-12-30,22.01,22.22,22.69,21.86,88913,4317万,3.77%,2.14
2013-12-31,22.17,22.53,22.90,22.06,50688,2488万,3.74%,1.22
2014-01-02,22.48,22.38,22.53,22.12,34619,1681万,1.84%,0.83
2014-01-03,22.17,21.70,22.38,21.55,38922,1850万,3.71%,0.94
2014-01-06,21.55,20.40,21.60,20.35,53606,2433万,5.74%,1.29
2014-01-07,20.20,20.30,20.92,20.20,32290,1457万,3.56%,0.78
2014-01-08,20.30,19.88,20.51,19.73,36293,1608万,3.84%,0.87
2014-01-09,19.88,19.47,20.14,19.42,37017,1614万,3.66%,0.89
2014-01-10,19.42,18.64,19.62,18.43,41839,1764万,6.13%,1.01
2014-01-13,18.69,18.95,18.95,18.69,31379,1314万,1.39%,0.75
2014-01-14,19.00,19.47,19.52,18.85,42404,1810万,3.56%,1.02
2014-01-15,19.47,19.42,19.47,19.05,27481,1175万,2.13%,0.66
2014-01-16,19.47,20.04,20.51,19.21,52659,2321万,6.69%,1.27
2014-01-17,19.88,19.36,19.88,19.31,33819,1461万,2.85%,0.81
2014-01-20,19.42,19.42,19.52,19.05,22588,969万,2.41%,0.54
2014-01-21,19.36,19.57,19.73,19.31,22635,979万,2.14%,0.54
2014-01-22,19.62,20.25,20.35,19.57,46270,2044万,3.98%,1.11
2014-01-23,20.30,20.61,20.71,19.99,53810,2406万,3.59%,1.29
2014-01-24,20.40,20.61,20.87,20.30,40266,1827万,2.77%,0.97
2014-01-27,20.46,20.40,20.66,20.30,34739,1563万,1.76%,0.83
2014-01-28,20.56,20.71,20.77,20.35,33103,1498万,2.04%,0.8
2014-01-29,20.66,20.66,20.82,20.51,21457,972万,1.50%,0.52
2014-01-30,20.77,20.25,20.77,20.14,19866,889万,3.02%,0.48
2014-02-07,20.04,20.46,20.51,19.83,24056,1074万,3.33%,0.58
2014-02-10,20.46,21.13,21.23,20.46,70311,3228万,3.81%,1.69
2014-02-11,21.18,22.06,22.27,20.87,112976,5362万,6.63%,2.71
2014-02-12,22.38,23.67,24.30,21.86,198742,1.01亿,11.06%,4.77
2014-02-13,23.36,22.43,23.57,22.32,112921,5631万,5.26%,2.71
2014-02-14,22.43,22.79,23.16,22.43,52299,2588万,3.24%,1.26
2014-02-17,22.84,22.90,23.05,22.43,59154,2913万,2.73%,1.42
2014-02-18,22.84,25.28,25.49,22.27,234909,1.22亿,14.06%,5.64
2014-02-19,24.61,24.40,25.70,23.99,231929,1.24亿,6.78%,5.57
2014-02-20,24.14,23.52,24.66,23.36,111153,5752万,5.32%,2.67
2014-02-21,23.62,23.78,24.35,23.26,82578,4265万,4.64%,1.98
2014-02-24,23.83,23.10,23.93,22.95,63004,3172万,4.15%,1.51
2014-02-25,23.26,22.95,24.14,22.43,89471,4515万,7.42%,2.15
2014-02-26,22.64,23.36,23.57,22.43,66691,3341万,4.98%,1.6
2014-02-27,23.36,23.31,23.78,23.16,63676,3234万,2.67%,1.53
2014-02-28,23.73,23.16,23.73,22.58,54369,2718万,4.90%,1.31
2014-03-03,22.84,23.93,23.93,22.79,83628,4269万,4.93%,2.01
2014-03-04,23.78,24.51,25.39,23.57,159078,8377万,7.59%,3.82
2014-03-05,24.30,23.57,24.40,23.47,95859,4969万,3.81%,2.3
2014-03-06,24.09,23.88,24.97,23.83,90565,4730万,4.85%,2.18
2014-03-07,23.67,23.41,23.83,23.21,70216,3564万,2.61%,1.69
2014-03-10,23.41,22.64,23.67,22.53,57559,2881万,4.88%,1.38
2014-03-11,22.53,22.06,22.74,21.86,54088,2626万,3.90%,1.3
2014-03-12,22.06,21.96,22.48,21.49,46204,2211万,4.47%,1.11
2014-03-13,22.01,22.12,22.32,21.96,26121,1260万,1.66%,0.63
2014-03-14,22.01,22.58,22.90,21.70,54923,2663万,5.40%,1.32
2014-03-17,22.38,22.58,22.64,22.12,27413,1341万,2.30%,0.66
2014-03-18,22.53,22.48,22.69,22.27,37804,1848万,1.84%,0.91
2014-03-19,22.32,22.58,22.90,22.06,43443,2124万,3.70%,1.04
2014-03-20,22.58,22.17,23.05,22.12,53826,2656万,4.14%,1.29
2014-03-21,21.96,22.58,22.74,21.39,51635,2496万,6.09%,1.24
2014-03-24,22.53,23.99,24.35,22.53,152158,7793万,8.05%,3.66
2014-03-25,24.04,23.88,25.23,23.52,217493,1.14亿,7.14%,5.22
2014-03-26,23.62,23.57,23.99,23.26,94010,4779万,3.04%,2.26
2014-03-27,23.57,23.26,24.09,23.26,85520,4389万,3.52%,2.05
2014-03-28,23.26,23.26,23.62,23.05,62438,3152万,2.46%,1.5
2014-03-31,23.36,22.84,23.52,22.79,44936,2257万,3.13%,1.08
2014-04-01,22.69,22.90,23.05,22.53,38174,1893万,2.27%,0.92
2014-04-02,22.95,23.26,23.36,22.79,40794,2046万,2.49%,0.98
2014-04-03,23.26,22.74,23.26,22.64,36308,1806万,2.68%,0.87
2014-04-04,22.79,23.21,23.21,22.69,28910,1442万,2.28%,0.69
2014-04-08,23.10,23.36,23.47,23.05,36574,1847万,1.79%,0.88
2014-04-09,23.41,23.41,23.62,23.16,34179,1731万,2.00%,0.82
2014-04-10,23.47,23.57,23.67,23.21,56852,2893万,2.00%,1.37
2014-04-11,23.52,23.78,23.83,23.31,62112,3177万,2.20%,1.49
2014-04-14,23.62,23.93,23.99,23.21,64968,3318万,3.28%,1.56
2014-04-15,23.83,23.57,24.45,23.47,71096,3674万,4.12%,1.71
2014-04-16,23.47,23.31,23.62,23.21,46499,2353万,1.76%,1.12
2014-04-17,23.26,23.36,23.57,23.21,24172,1224万,1.56%,0.58
2014-04-18,23.31,23.16,23.36,23.05,31560,1586万,1.33%,0.76
2014-04-21,23.05,22.43,23.16,22.27,44100,2179万,3.81%,1.06
2014-04-22,22.43,22.38,22.69,21.96,32731,1590万,3.24%,0.79
2014-04-23,22.43,22.22,22.48,22.01,22924,1111万,2.09%,0.55
2014-04-24,22.12,21.96,22.27,21.96,18196,877万,1.40%,0.44
2014-04-25,22.17,20.97,22.27,20.87,38863,1832万,6.38%,0.93
2014-04-28,20.97,19.99,21.23,19.83,39694,1775万,6.68%,0.95
2014-04-29,19.94,20.40,20.40,19.94,21720,966万,2.34%,0.52
2014-04-30,20.40,20.71,20.71,20.30,14583,659万,2.04%,0.35
2014-05-05,20.66,20.77,20.92,20.46,23049,1047万,2.26%,0.55
2014-05-06,20.77,20.71,21.08,20.61,17575,805万,2.25%,0.42
2014-05-07,20.77,20.51,20.82,20.46,14577,661万,1.75%,0.35
2014-05-08,20.51,20.61,20.87,20.40,18114,822万,2.28%,0.44
2014-05-09,20.66,20.35,20.66,20.09,16562,743万,2.77%,0.4
2014-05-12,20.51,20.92,20.97,20.46,24284,1108万,2.55%,0.58
2014-05-13,20.97,20.87,21.08,20.71,18843,862万,1.74%,0.45
2014-05-14,20.92,20.92,21.29,20.82,14566,670万,2.24%,0.35
2014-05-15,20.92,20.40,20.92,20.30,15388,696万,2.98%,0.37
2014-05-16,20.35,20.61,20.61,20.25,9340,419万,1.78%,0.22
2014-05-19,20.61,20.20,20.61,19.99,14578,649万,3.02%,0.35
2014-05-20,20.40,20.14,20.51,20.14,12794,572万,1.80%,0.31
2014-05-21,20.20,20.35,20.46,20.09,7248,324万,1.80%,0.17
2014-05-22,20.25,20.71,21.23,20.25,33631,1531万,4.85%,0.81
2014-05-23,20.61,20.87,20.87,20.51,16177,736万,1.75%,0.39
2014-05-26,20.97,20.87,21.03,20.77,13273,608万,1.24%,0.32
2014-05-27,20.92,20.51,20.97,20.40,21243,965万,2.74%,0.51
2014-05-28,20.51,20.92,21.13,20.30,34055,1556万,4.05%,0.82
2014-05-29,20.87,20.46,20.97,20.35,21539,978万,2.98%,0.52
2014-05-30,20.46,20.66,20.87,20.46,17252,784万,2.03%,0.41
2014-06-03,20.66,20.66,20.77,20.46,18718,849万,1.51%,0.45
2014-06-04,20.51,20.20,20.66,20.04,21304,952万,3.02%,0.51
2014-06-05,20.04,20.46,20.56,20.04,11556,519万,2.57%,0.28
2014-06-06,20.61,20.56,20.71,20.40,15658,708万,1.52%,0.38
2014-06-09,20.25,20.46,20.87,20.20,15605,704万,3.28%,0.37
2014-06-10,20.56,20.77,20.87,20.35,18742,851万,2.54%,0.45
2014-06-11,20.77,20.66,20.82,20.56,22613,1027万,1.25%,0.54
2014-06-12,20.61,20.61,20.71,20.40,16456,743万,1.51%,0.4
2014-06-13,20.56,20.66,20.87,20.40,24452,1110万,2.27%,0.59
2014-06-16,20.71,20.87,20.87,20.66,22447,1026万,1.01%,0.54
2014-06-17,20.87,21.23,21.75,20.56,85105,3964万,5.72%,2.04
2014-06-18,21.03,20.92,21.49,20.87,60097,2783万,2.93%,1.44
2014-06-19,20.87,20.46,20.97,20.35,44380,2008万,2.98%,1.07
2014-06-20,20.46,20.92,21.44,20.35,35271,1621万,5.33%,0.85
2014-06-23,20.97,21.08,21.39,20.77,35953,1655万,2.98%,0.86
2014-06-24,21.03,20.77,21.03,20.46,49127,2226万,2.71%,1.18
2014-06-25,20.71,20.56,20.82,20.46,19874,899万,1.75%,0.48
2014-06-26,20.66,20.77,20.87,20.51,29698,1353万,1.77%,0.71
2014-06-27,20.66,20.92,21.08,20.66,36167,1663万,2.00%,0.87
2014-06-30,20.97,21.08,21.23,20.92,43793,2021万,1.49%,1.05
2014-07-01,20.97,21.23,21.34,20.97,42802,1986万,1.72%,1.03
2014-07-02,21.34,21.44,21.44,21.03,40043,1863万,1.96%,0.96
2014-07-03,21.39,21.39,21.55,21.23,38611,1806万,1.45%,0.93
2014-07-04,21.39,21.34,21.55,21.18,29038,1355万,1.70%,0.7
2014-07-07,21.29,21.44,21.49,21.13,22867,1067万,1.70%,0.55
2014-07-08,21.34,21.44,21.44,21.18,25750,1202万,1.21%,0.62
2014-07-09,21.39,20.87,21.39,20.82,35092,1622万,2.66%,0.84
2014-07-10,20.87,20.97,21.08,20.87,22591,1040万,1.00%,0.54
2014-07-11,20.87,21.34,21.44,20.87,20092,935万,2.72%,0.48
2014-07-14,21.29,21.60,21.65,21.29,35597,1674万,1.70%,0.86
2014-07-15,21.65,21.65,21.65,21.44,25215,1189万,0.96%,0.61
2014-07-16,21.55,21.60,21.75,21.49,27378,1292万,1.20%,0.66
2014-07-17,21.55,21.81,21.86,21.34,36399,1721万,2.40%,0.87
2014-07-18,21.81,21.91,21.96,21.60,36170,1723万,1.67%,0.87
2014-07-21,21.86,22.32,22.38,21.86,65612,3164万,2.37%,1.58
2014-07-22,22.32,22.22,22.43,22.12,51291,2484万,1.40%,1.23
2014-07-23,22.22,22.48,23.47,21.91,120742,5949万,7.01%,2.9
2014-07-24,22.27,22.12,22.48,21.91,73636,3550万,2.54%,1.77
2014-07-25,22.17,22.22,22.43,22.06,44990,2177万,1.64%,1.08
2014-07-28,22.32,22.48,22.58,22.27,43940,2146万,1.40%,1.06
2014-07-29,22.53,22.58,22.95,22.43,62866,3098万,2.31%,1.51
2014-07-30,22.69,22.58,22.69,22.43,42906,2101万,1.15%,1.03
2014-07-31,22.64,22.79,22.84,22.48,48879,2409万,1.61%,1.17
2014-08-01,22.74,22.43,22.90,22.38,60591,2986万,2.28%,1.46
2014-08-04,22.32,22.74,22.79,22.27,57436,2823万,2.32%,1.38
2014-08-05,22.74,22.90,22.95,22.58,56562,2801万,1.60%,1.36
2014-08-06,22.79,22.95,23.00,22.58,40467,2006万,1.81%,0.97
2014-08-07,23.05,22.53,23.16,22.43,54728,2699万,3.17%,1.31
2014-08-08,22.48,22.58,22.64,22.38,33977,1665万,1.15%,0.82
2014-08-11,22.53,22.90,23.05,22.53,45966,2283万,2.30%,1.1
2014-08-12,22.90,23.21,23.21,22.74,67737,3380万,2.04%,1.63
2014-08-13,23.05,23.10,23.21,22.84,49065,2450万,1.57%,1.18
2014-08-14,23.10,22.90,23.26,22.74,55762,2785万,2.25%,1.34
2014-08-15,22.95,23.16,23.16,22.74,44495,2222万,1.81%,1.07
2014-08-18,23.05,23.47,23.47,23.05,61160,3089万,1.79%,1.47
2014-08-19,23.47,23.52,23.67,23.31,57016,2898万,1.55%,1.37
2014-08-20,23.52,24.09,24.71,23.52,182889,9521万,5.08%,4.39
2014-08-21,23.99,23.88,24.56,23.57,99975,5187万,4.10%,2.4
2014-08-22,23.93,24.45,24.82,23.73,136639,7162万,4.57%,3.28
2014-08-25,24.45,24.09,24.82,23.99,110887,5832万,3.40%,2.66
2014-08-26,24.04,23.36,24.09,23.31,87409,4475万,3.23%,2.1
2014-08-27,23.21,23.36,23.52,23.21,31216,1581万,1.33%,0.75
2014-08-28,23.36,23.36,23.62,23.21,38636,1960万,1.78%,0.93
2014-08-29,23.21,23.57,23.67,23.21,43992,2239万,2.00%,1.06
2014-09-01,23.57,23.93,24.14,23.57,56290,2909万,2.42%,1.35
2014-09-02,24.04,24.19,24.25,23.99,68633,3572万,1.08%,1.65
2014-09-03,24.56,24.35,24.71,24.14,83972,4415万,2.36%,2.02
2014-09-04,24.35,25.18,25.91,24.35,207886,1.13亿,6.40%,4.99
2014-09-05,24.87,24.97,25.23,24.66,105111,5634万,2.27%,2.53
2014-09-09,25.02,25.44,25.49,24.87,91940,4981万,2.50%,2.21
2014-09-10,25.18,25.13,25.23,24.87,68190,3672万,1.43%,1.64
2014-09-11,25.13,24.87,25.65,24.77,112507,6087万,3.51%,2.7
2014-09-12,24.87,25.49,25.49,24.77,114025,6193万,2.92%,2.74
2014-09-15,25.65,26.01,26.27,25.39,148008,8206万,3.46%,3.56
2014-09-16,26.01,24.87,26.17,24.71,129791,7109万,5.59%,3.12
2014-09-17,24.87,25.23,25.23,24.45,82977,4451万,3.13%,1.99
2014-09-18,25.08,25.54,25.75,24.97,71278,3894万,3.09%,1.71
2014-09-19,25.54,26.06,26.12,25.44,101827,5644万,2.64%,2.45
2014-09-22,26.17,26.01,26.89,25.75,172802,9752万,4.38%,4.15
2014-09-23,25.86,26.27,26.32,25.60,112948,6286万,2.79%,2.71
2014-09-24,26.22,26.43,26.53,26.01,96792,5448万,1.98%,2.33
2014-09-25,26.48,26.32,26.95,26.06,147982,8362万,3.34%,3.55
2014-09-26,26.17,26.43,26.48,25.80,73029,4103万,2.56%,1.75
2014-09-29,26.37,26.89,26.89,26.32,101663,5797万,2.16%,2.44
2014-09-30,26.84,27.00,27.21,26.69,114781,6598万,1.93%,2.76
2014-10-08,27.21,27.47,27.93,26.84,153935,9034万,4.04%,3.7
2014-10-09,27.47,27.41,27.57,26.69,105804,6136万,3.21%,2.54
2014-10-10,27.26,27.21,27.72,26.95,96171,5594万,2.84%,2.31
2014-10-13,26.95,26.95,27.00,26.37,126545,7212万,2.29%,3.04
2014-10-14,26.89,27.62,27.67,26.79,155699,9057万,3.28%,3.74
2014-10-15,27.57,27.62,27.88,26.95,93215,5451万,3.38%,2.24
2014-10-16,27.26,26.84,27.62,26.58,96459,5598万,3.76%,2.32
2014-10-17,26.53,26.06,27.10,25.54,102865,5775万,5.80%,2.47
2014-10-20,26.01,26.43,26.63,25.86,58018,3254万,2.99%,1.39
2014-10-21,26.48,25.96,26.84,25.91,75336,4242万,3.54%,1.81
2014-10-22,26.06,25.23,26.27,25.13,73821,4071万,4.40%,1.77
2014-10-23,25.23,24.92,25.39,24.61,63870,3418万,3.09%,1.53
2014-10-24,24.87,25.75,25.80,24.82,81666,4445万,3.96%,1.96
2014-10-27,25.39,25.60,26.32,25.23,98504,5450万,4.23%,2.37
2014-10-28,26.12,26.53,26.89,26.12,143447,8129万,3.04%,3.45
2014-10-29,26.37,27.36,28.50,26.22,252873,1.48亿,8.61%,6.07
2014-10-30,27.21,26.74,27.93,26.63,203232,1.18亿,4.74%,4.88
2014-10-31,26.79,26.74,27.36,26.58,173792,9986万,2.91%,4.18
2014-11-03,26.95,27.00,27.47,26.63,135027,7796万,3.11%,3.24
2014-11-04,27.05,27.41,27.67,26.84,159561,9302万,3.08%,3.83
2014-11-05,27.52,27.47,27.62,26.95,111914,6515万,2.46%,2.69
2014-11-06,27.47,27.57,27.57,27.05,92125,5365万,1.89%,2.21
2014-11-07,27.57,26.79,27.67,26.69,113433,6592万,3.58%,2.73
2014-11-10,27.10,27.15,27.26,26.53,82083,4725万,2.71%,1.97
2014-11-11,27.15,25.70,27.31,25.23,131475,7373万,7.65%,3.16
2014-11-12,25.60,26.22,26.22,25.44,59977,3336万,3.03%,1.44
2014-11-13,26.17,25.65,26.17,25.54,71375,3949万,2.38%,1.71
2014-11-14,25.60,25.70,26.06,25.34,48523,2677万,2.83%,1.17
2014-11-17,25.91,27.10,27.78,25.91,153994,8854万,7.27%,3.7
2014-11-18,26.74,27.31,27.31,26.53,111863,6443万,2.87%,2.69
2014-11-19,27.00,27.05,27.31,26.84,65392,3770万,1.71%,1.57
2014-11-20,26.89,27.98,28.14,26.69,192250,1.13亿,5.37%,4.62
2014-11-21,27.72,27.78,28.04,27.41,121504,7168万,2.23%,2.92
2014-11-24,28.04,27.83,28.56,27.57,163272,9715万,3.55%,3.92
2014-11-25,27.88,28.19,28.50,27.62,126781,7565万,3.17%,3.05
2014-11-26,28.24,27.98,28.35,27.41,117256,6936万,3.32%,2.82
2014-11-27,27.93,27.83,28.09,27.57,102944,6088万,1.86%,2.47
2014-11-28,27.83,28.45,28.76,27.67,200249,1.20亿,3.92%,4.81
2014-12-01,28.45,27.88,28.56,27.52,141380,8424万,3.65%,3.4
2014-12-02,27.78,28.09,28.19,27.67,108184,6442万,1.86%,2.6
2014-12-03,27.98,28.19,28.24,27.57,150193,8917万,2.40%,3.61
2014-12-04,28.14,28.76,28.87,27.93,199464,1.21亿,3.32%,4.79
2014-12-05,28.71,29.85,30.74,26.74,326848,1.99亿,13.90%,7.85
2014-12-08,29.85,30.79,31.46,29.54,380961,2.46亿,6.44%,9.15
2014-12-09,30.84,28.45,31.57,28.24,331212,2.11亿,10.79%,7.96
2014-12-10,28.40,30.63,30.68,27.83,205292,1.26亿,10.04%,4.93
2014-12-11,30.06,30.32,30.58,29.54,172558,1.10亿,3.39%,4.15
2014-12-12,30.06,29.85,30.32,29.65,107067,6765万,2.23%,2.57
2014-12-15,31.05,30.37,31.36,30.06,218946,1.41亿,4.35%,5.26
2014-12-16,30.11,29.85,30.27,29.65,150445,9513万,2.05%,3.61
2014-12-17,29.54,29.39,29.75,28.92,130980,8140万,2.78%,3.15
2014-12-18,29.33,29.18,29.54,29.07,80852,5023万,1.59%,1.94
2014-12-19,29.18,28.50,29.28,28.19,126064,7639万,3.74%,3.03
2014-12-22,28.50,26.89,28.50,26.63,137984,8071万,6.56%,3.31
2014-12-23,26.89,26.95,27.47,26.74,66137,3836万,2.70%,1.59
2014-12-24,27.10,27.78,27.83,27.10,67693,3965万,2.70%,1.63
2014-12-25,28.56,29.07,29.65,28.24,158751,9762万,5.05%,3.81
2014-12-26,29.07,29.13,29.44,28.76,88036,5427万,2.32%,2.11
2014-12-29,29.28,28.66,29.28,28.40,93728,5721万,3.03%,2.25
2014-12-30,28.66,27.72,28.76,27.62,69425,4136万,3.99%,1.67
2014-12-31,27.62,28.71,29.07,27.57,88755,5383万,5.43%,2.13
2015-01-05,28.97,29.49,29.85,28.50,151217,9358万,4.70%,3.63
2015-01-06,29.18,29.39,29.49,28.66,93466,5759万,2.82%,2.25
2015-01-07,29.39,29.85,30.27,28.97,143966,9035万,4.42%,3.46
2015-01-08,29.70,29.23,29.80,28.97,88232,5476万,2.78%,2.12
2015-01-09,29.07,28.56,29.28,28.40,84032,5158万,3.02%,2.02
2015-01-12,28.35,27.72,28.35,27.15,76242,4500万,4.18%,1.83
2015-01-13,27.72,28.04,28.04,27.21,31419,1855万,3.00%,0.75
2015-01-14,27.88,28.04,28.30,27.47,48439,2872万,2.96%,1.16
2015-01-15,27.78,28.04,28.24,27.62,54517,3238万,2.22%,1.31
2015-01-16,27.98,27.93,28.14,27.72,70110,4169万,1.48%,1.68
2015-01-19,27.47,25.70,27.47,25.02,113840,6451万,8.74%,2.73
2015-01-20,26.12,26.58,26.63,25.80,71848,4031万,3.23%,1.73
2015-01-21,26.69,27.52,28.24,26.43,90759,5269万,6.84%,2.18
2015-01-22,27.36,27.88,28.19,27.31,70968,4187万,3.21%,1.7
2015-01-23,27.72,27.62,28.14,27.47,88004,5200万,2.42%,2.11
2015-01-26,27.62,28.45,28.45,27.47,117437,7010万,3.57%,2.82
2015-01-27,28.40,28.56,28.82,27.93,107453,6485万,3.10%,2.58
2015-01-28,28.30,28.61,28.97,28.24,114555,6961万,2.55%,2.75
2015-01-29,28.30,28.87,28.87,28.14,78550,4761万,2.54%,1.89
2015-01-30,28.76,28.35,28.92,28.04,73298,4417万,3.06%,1.76
2015-02-02,28.09,28.35,28.45,27.72,93038,5553万,2.56%,2.24
2015-02-03,28.24,29.07,29.13,28.14,103294,6278万,3.48%,2.48
2015-02-04,29.02,28.76,29.28,28.66,84111,5171万,2.14%,2.02
2015-02-05,28.97,28.71,29.07,28.40,65724,3999万,2.35%,1.58
2015-02-06,28.82,29.44,29.96,28.61,240300,1.49亿,4.70%,5.77
2015-02-09,29.49,29.80,30.22,29.28,158531,1.00亿,3.17%,3.81
2015-02-10,29.75,29.59,29.91,29.23,82635,5168万,2.27%,1.99
2015-02-11,29.65,30.74,31.05,29.49,160618,1.03亿,5.26%,3.86
2015-02-12,30.68,32.09,33.33,30.48,317236,2.13亿,9.29%,7.62
2015-02-13,32.66,32.29,33.18,31.77,188975,1.29亿,4.37%,4.54
2015-02-16,32.09,32.35,32.92,31.83,123915,8396万,3.38%,2.98
2015-02-17,32.24,31.93,32.40,31.20,131390,8758万,3.69%,3.16
2015-02-25,31.93,32.19,32.76,31.46,97384,6549万,4.07%,2.34
2015-02-26,32.14,32.40,32.61,31.77,86827,5877万,2.58%,2.09
2015-02-27,32.40,33.18,33.38,31.98,138493,9522万,4.33%,3.33
2015-03-02,33.07,32.87,33.12,32.40,125546,8612万,2.19%,3.02
2015-03-03,32.66,32.19,32.76,32.14,92377,6290万,1.90%,2.22
2015-03-04,32.14,32.24,32.50,31.77,121783,8207万,2.26%,2.93
2015-03-05,32.14,31.88,32.24,31.36,99568,6633万,2.74%,2.39
2015-03-06,31.77,31.77,32.09,31.41,61995,4146万,2.12%,1.49
2015-03-09,31.57,32.45,32.61,31.26,95540,6443万,4.25%,2.3
2015-03-10,32.40,32.92,33.28,32.40,107264,7415万,2.72%,2.58
2015-03-11,33.02,32.71,33.23,32.40,86566,5953万,2.52%,2.08
2015-03-12,32.61,33.02,33.18,32.55,74770,5152万,1.90%,1.8
2015-03-13,33.02,34.84,36.34,33.02,216727,1.58亿,10.06%,5.21
2015-03-16,34.89,35.67,36.03,34.73,155222,1.14亿,3.73%,3.73
2015-03-17,35.62,35.67,36.24,35.36,141258,1.05亿,2.47%,3.39
2015-03-18,35.93,36.03,36.14,35.36,127450,9482万,2.18%,3.06
2015-03-19,35.93,35.57,35.98,35.10,144838,1.07亿,2.45%,3.48
2015-03-20,35.72,37.18,38.01,35.25,206324,1.57亿,7.74%,4.96
2015-03-23,37.23,37.28,37.49,36.66,136196,1.05亿,2.23%,3.27
2015-03-24,37.38,40.03,40.45,36.55,268838,2.13亿,10.45%,6.46
2015-03-25,40.19,39.77,43.20,39.56,308450,2.62亿,9.08%,7.41
2015-03-26,39.41,38.73,39.51,37.85,179168,1.44亿,4.18%,4.3
2015-03-27,38.73,40.19,40.50,38.27,154920,1.27亿,5.76%,3.72
2015-03-30,39.67,40.97,42.16,39.56,152564,1.28亿,6.46%,3.67
2015-03-31,41.07,39.98,41.33,39.15,120219,9964万,5.32%,2.89
2015-04-01,40.03,40.55,41.23,40.03,116305,9763万,2.99%,2.79
2015-04-02,40.55,41.12,41.23,40.24,140479,1.18亿,2.43%,3.37
2015-04-03,41.17,42.00,42.78,40.65,144936,1.25亿,5.18%,3.48
2015-04-07,42.78,43.30,44.29,42.78,199913,1.79亿,3.58%,4.8
2015-04-08,43.35,42.26,43.77,41.23,171378,1.50亿,5.88%,4.12
2015-04-09,42.26,40.71,42.52,39.25,140332,1.18亿,7.74%,3.37
2015-04-10,40.50,42.63,42.68,40.19,151497,1.30亿,6.12%,3.64
2015-04-13,42.73,44.60,46.16,42.73,268232,2.46亿,8.04%,6.44
2015-04-14,44.70,44.96,46.31,43.82,212188,1.97亿,5.59%,5.1
2015-04-15,44.34,43.04,45.02,42.78,157658,1.42亿,4.97%,3.79
2015-04-16,41.23,42.89,43.72,40.81,118953,1.04亿,6.76%,2.86
2015-04-17,43.61,43.04,43.77,42.26,150703,1.33亿,3.51%,3.62
2015-04-20,43.46,47.66,47.66,43.35,256971,2.43亿,10.01%,6.17
2015-04-21,50.05,49.12,51.09,47.66,626055,6.28亿,7.19%,15.04
2015-04-22,48.18,49.17,49.90,47.92,342170,3.41亿,4.02%,8.22
2015-04-23,50.10,54.36,54.36,50.10,575342,6.29亿,8.66%,13.82
2015-04-24,54.36,54.31,55.76,51.82,538075,5.88亿,7.26%,12.93
2015-04-27,54.62,58.20,60.02,53.22,419914,4.83亿,12.52%,10.09
2015-04-28,57.89,59.97,62.31,57.32,434186,5.29亿,8.56%,10.43
2015-04-29,59.14,61.06,62.15,57.89,256405,3.14亿,7.10%,6.16
2015-04-30,60.33,58.10,60.75,57.06,240838,2.86亿,6.04%,5.79
2015-05-04,57.06,58.10,60.65,57.06,183995,2.17亿,6.17%,4.42
2015-05-05,58.10,52.29,58.10,52.03,306354,3.37亿,10.46%,7.36
2015-05-06,52.60,51.19,53.89,50.05,188058,1.97亿,7.35%,4.52
2015-05-07,51.35,48.75,51.35,48.55,151493,1.52亿,5.48%,3.64
2015-05-08,49.90,52.08,52.65,49.07,179322,1.85亿,7.35%,4.31
2015-05-11,52.34,55.92,57.32,52.13,271069,3.03亿,9.97%,6.51
2015-05-12,56.02,56.23,56.80,54.26,186277,2.10亿,4.55%,4.47
2015-05-13,55.82,56.49,58.67,55.09,227153,2.60亿,6.37%,5.46
2015-05-14,56.59,58.36,59.66,55.92,267432,3.14亿,6.62%,6.42
2015-05-15,57.95,55.97,57.95,55.35,169462,1.94亿,4.45%,4.07
2015-05-18,55.76,54.93,56.28,54.26,172960,1.93亿,3.62%,4.16
2015-05-19,55.04,58.41,58.72,55.04,220253,2.57亿,6.71%,5.29
2015-05-20,58.57,60.18,63.45,57.84,311483,3.82亿,9.60%,7.48
2015-05-21,60.49,62.72,62.83,59.76,214890,2.65亿,5.09%,5.16
2015-05-22,63.03,69.26,69.26,63.03,389671,5.24亿,9.93%,9.36
2015-05-25,69.32,71.50,73.16,67.29,341979,4.84亿,8.47%,8.22
2015-05-26,71.60,72.43,73.94,68.23,320778,4.59亿,7.99%,7.71
2015-05-27,71.76,71.03,72.12,69.78,215759,3.07亿,3.23%,5.18
2015-05-28,72.38,68.80,76.48,68.49,333388,4.91亿,11.26%,8.01
2015-05-29,67.60,71.13,72.28,63.55,248161,3.46亿,12.68%,5.96
2015-06-01,71.08,78.56,78.56,69.78,320163,4.90亿,12.34%,7.69
2015-06-02,80.01,86.71,86.71,78.09,329925,5.54亿,10.97%,7.93
2015-06-03,92.79,90.45,95.12,83.28,361203,6.48亿,13.65%,8.68
2015-06-04,87.44,88.17,90.19,81.10,276598,4.68亿,10.05%,6.64
2015-06-05,88.32,90.19,92.11,86.35,257868,4.62亿,6.54%,6.19
2015-06-08,90.24,84.48,90.55,83.80,270240,4.60亿,7.48%,6.49
2015-06-09,83.28,86.45,90.97,82.14,205182,3.54亿,10.45%,4.93
2015-06-10,84.32,86.19,88.17,83.28,136733,2.35亿,5.65%,3.28
2015-06-11,86.71,89.57,90.81,84.79,211254,3.69亿,6.99%,5.07
2015-06-12,89.62,90.71,95.54,88.53,235593,4.33亿,7.83%,5.66
2015-06-15,90.92,87.91,91.70,86.92,191435,3.39亿,5.27%,4.6
2015-06-16,87.13,81.93,87.44,81.62,145530,2.45亿,6.62%,3.5
2015-06-17,81.73,86.35,86.92,75.50,177181,2.85亿,13.94%,4.26
2015-06-18,86.61,85.26,90.40,82.66,184621,3.24亿,8.96%,4.44
2015-06-19,82.51,76.43,86.14,76.43,129900,2.09亿,11.39%,3.12
2015-06-23,74.04,72.74,77.52,68.49,142350,2.04亿,11.82%,3.42
2015-06-24,73.31,75.39,75.91,72.54,115350,1.72亿,4.64%,2.77
2015-06-25,75.96,68.07,76.85,67.55,243174,3.46亿,12.33%,5.84
2015-06-26,64.59,60.96,65.01,60.96,167315,2.09亿,5.95%,4.02
2015-06-29,62.51,54.57,63.24,54.57,201038,2.29亿,14.23%,4.83
2015-06-30,53.17,55.87,57.17,48.81,296378,3.20亿,15.32%,7.12
2015-07-01,54.21,50.00,56.75,50.00,212004,2.30亿,12.08%,5.09
2015-07-02,50.00,44.70,50.00,44.70,183607,1.72亿,10.59%,4.41
2015-07-03,40.97,39.93,44.76,39.93,226124,1.90亿,10.80%,5.43
2015-07-06,43.30,35.67,43.35,35.67,381960,3.00亿,19.25%,9.18
2015-07-07,32.81,31.83,33.23,31.83,136804,9203万,3.93%,3.29
2015-07-08,28.35,28.35,28.35,28.35,20018,1205万,0.00%,0.48
2015-07-13,31.46,31.46,31.46,31.46,16162,1070万,0.00%,0.39
2015-07-14,34.89,34.89,34.89,34.89,10430,759万,0.00%,0.25
2015-07-15,38.68,35.36,38.68,34.58,670229,5.19亿,11.76%,16.1
2015-07-16,31.88,36.50,38.01,31.52,379019,2.78亿,18.36%,9.11
2015-07-17,36.34,40.45,40.45,35.77,443671,3.57亿,12.80%,10.66
2015-07-20,39.82,42.73,43.30,38.78,543677,4.63亿,11.17%,13.06
2015-07-21,41.23,43.30,45.07,40.60,434837,3.85亿,10.45%,10.45
2015-07-22,42.83,42.94,44.03,41.23,309593,2.72亿,6.48%,7.44
2015-07-23,42.58,47.51,47.51,42.58,305641,2.87亿,11.49%,7.34
2015-07-24,49.01,46.78,50.00,45.95,492120,4.86亿,8.53%,11.82
2015-07-27,45.38,41.80,47.92,41.80,344984,3.16亿,13.10%,8.29
2015-07-28,37.90,38.37,42.21,37.33,275587,2.21亿,11.68%,6.62
2015-07-29,39.67,41.28,41.69,36.55,251723,2.02亿,13.40%,6.05
2015-07-30,40.45,39.10,42.89,38.68,241305,2.05亿,10.19%,5.8
2015-07-31,38.63,39.51,41.23,37.90,181906,1.49亿,8.50%,4.37
2015-08-03,39.15,36.81,40.34,35.36,177015,1.39亿,12.62%,4.25
2015-08-04,37.07,40.39,40.60,36.81,192362,1.54亿,10.30%,4.62
2015-08-05,40.39,39.36,41.38,38.63,193308,1.60亿,6.81%,4.64
2015-08-06,38.58,38.94,39.46,37.75,108268,8695万,4.35%,2.6
2015-08-07,39.36,43.15,43.15,39.36,325049,2.80亿,9.73%,7.81
2015-08-10,45.64,45.85,46.68,43.25,483400,4.43亿,7.94%,11.61
2015-08-11,44.86,47.56,49.43,44.65,461923,4.50亿,10.42%,11.1
2015-08-12,46.42,46.63,47.51,45.12,328890,3.11亿,5.02%,7.9
2015-08-13,45.95,51.56,51.56,45.64,660752,6.79亿,12.70%,15.87
2015-08-14,51.56,53.32,54.15,50.05,664958,7.06亿,7.96%,15.97
2015-08-17,51.66,58.83,58.93,50.21,498521,5.39亿,16.36%,11.98
2015-08-18,56.59,52.65,58.20,52.65,416398,4.66亿,9.44%,10
2015-08-19,48.49,52.75,55.61,47.09,385796,3.94亿,16.17%,9.27
2015-08-20,51.97,47.20,52.08,47.20,254878,2.60亿,9.25%,6.12
2015-08-21,45.17,42.21,46.68,42.21,281038,2.54亿,9.46%,6.75
2015-08-24,38.89,37.69,39.93,37.69,157768,1.24亿,5.29%,3.79
2015-08-25,33.64,33.64,34.47,33.64,209141,1.47亿,2.20%,5.02
2015-08-26,33.64,30.06,35.46,30.01,339182,2.31亿,16.21%,8.15
2015-08-27,31.20,32.35,32.40,28.35,286599,1.86亿,13.47%,6.88
2015-08-28,32.81,35.83,35.88,32.50,312054,2.23亿,10.43%,7.5
2015-08-31,35.72,33.44,35.77,33.18,224328,1.61亿,7.25%,5.39
2015-09-01,32.71,29.85,33.23,29.80,223017,1.44亿,10.25%,5.36
2015-09-02,27.72,28.30,31.46,27.72,177250,1.09亿,12.52%,4.26
2015-09-07,29.75,29.28,30.74,29.02,158530,1.00亿,6.06%,3.81
2015-09-08,29.07,32.24,32.50,29.02,198849,1.30亿,11.88%,4.78
2015-09-09,33.38,34.47,34.63,32.66,246239,1.74亿,6.12%,5.92
2015-09-10,33.70,34.01,35.98,32.97,223995,1.62亿,8.74%,5.38
2015-09-11,34.16,34.37,34.94,33.23,154547,1.10亿,5.04%,3.71
2015-09-14,34.94,30.63,35.98,30.63,278479,1.95亿,15.56%,6.69
2015-09-15,29.44,28.24,30.94,27.62,180740,1.12亿,10.85%,4.34
2015-09-16,28.82,31.36,31.36,28.24,195553,1.23亿,11.03%,4.7
2015-09-17,31.52,30.32,33.23,30.17,223113,1.50亿,9.77%,5.36
2015-09-18,31.00,31.62,31.88,30.22,122237,8001万,5.48%,2.94
2015-09-21,31.10,33.90,33.96,30.94,153034,1.05亿,9.52%,3.68
2015-09-22,33.80,34.58,35.77,33.75,233017,1.69亿,5.97%,5.6
2015-09-23,33.96,32.87,33.96,32.03,197036,1.37亿,5.56%,4.73
2015-09-24,32.81,33.54,33.96,32.81,108268,7576万,3.48%,2.6
2015-09-25,33.44,31.57,33.70,30.32,114265,7734万,10.06%,2.74
2015-09-28,31.67,32.24,32.50,30.68,74656,5008万,5.76%,1.79
2015-09-29,31.57,31.41,31.93,31.10,70124,4639万,2.58%,1.68
2015-09-30,31.52,32.29,33.28,31.52,98342,6662万,5.62%,2.36
2015-10-08,33.96,33.59,34.37,33.23,133327,9394万,3.54%,3.2
2015-10-09,33.49,34.01,34.27,33.33,120316,8502万,2.78%,2.89
2015-10-12,34.06,35.77,36.50,33.96,182988,1.35亿,7.48%,4.4
2015-10-13,35.51,39.67,39.67,35.51,337372,2.66亿,11.61%,8.1
2015-10-14,39.36,39.25,40.65,38.68,418831,3.43亿,4.97%,10.06
2015-10-15,38.89,40.55,40.97,38.53,252874,2.09亿,6.22%,6.07
2015-10-16,40.29,40.29,40.71,39.04,243276,2.01亿,4.10%,5.84
2015-10-19,40.08,39.51,40.39,38.58,196686,1.61亿,4.51%,4.72
2015-10-20,39.41,40.76,41.02,39.04,224428,1.87亿,4.99%,5.39
2015-10-21,41.07,36.55,41.12,36.40,298607,2.36亿,11.59%,7.17
2015-10-22,36.86,38.11,38.37,36.29,164410,1.28亿,5.68%,3.95
2015-10-23,38.94,39.88,40.34,38.11,202350,1.65亿,5.86%,4.86
2015-10-26,40.39,39.67,40.60,39.04,174106,1.43亿,3.91%,4.18
2015-10-27,39.67,39.41,39.67,37.28,166331,1.33亿,6.02%,4
2015-10-28,39.41,40.03,41.12,38.73,248211,2.06亿,6.06%,5.96
2015-10-29,40.55,42.52,43.61,39.46,364870,3.14亿,10.38%,8.77
2015-10-30,42.26,40.81,42.52,39.93,206826,1.75亿,6.11%,4.97
2015-11-02,39.72,39.30,41.38,38.63,139651,1.15亿,6.74%,3.35
2015-11-03,39.20,38.37,39.93,37.80,147738,1.19亿,5.42%,3.55
2015-11-04,38.78,40.71,40.81,38.78,171470,1.42亿,5.28%,4.12
2015-11-05,41.33,41.59,42.47,40.24,234261,2.00亿,5.49%,5.63
2015-11-06,41.48,42.68,43.35,41.02,227236,1.99亿,5.62%,5.46
2015-11-09,42.16,42.52,43.25,40.19,237839,2.06亿,7.18%,5.71
2015-11-10,42.00,43.09,44.08,42.00,235848,2.09亿,4.88%,5.67
2015-11-11,42.89,43.35,43.56,42.26,194990,1.72亿,3.01%,4.68
2015-11-12,43.56,42.58,44.03,42.00,220750,1.94亿,4.67%,5.3
2015-11-13,42.52,41.38,42.52,40.71,180853,1.55亿,4.27%,4.34
2015-11-16,40.76,43.87,44.03,40.50,210520,1.85亿,8.53%,5.06
2015-11-17,44.08,43.87,45.22,43.41,271448,2.47亿,4.14%,6.52
2015-11-18,43.82,42.73,44.13,42.52,121504,1.08亿,3.67%,2.92
2015-11-19,42.52,43.30,43.46,42.52,98485,8694万,2.19%,2.37
2015-11-20,43.61,43.61,43.67,42.47,163130,1.45亿,2.76%,3.92
2015-11-23,43.82,42.83,44.18,42.52,147255,1.32亿,3.81%,3.54
2015-11-24,42.78,43.09,43.15,41.74,116226,1.02亿,3.27%,2.79
2015-11-25,42.78,44.34,44.44,42.68,169256,1.51亿,4.10%,4.07
2015-11-26,44.39,46.73,47.40,44.03,300070,2.83亿,7.61%,7.21
2015-11-27,46.21,42.06,46.37,41.74,200653,1.83亿,9.89%,4.82
2015-11-30,42.06,42.83,43.41,39.30,149790,1.28亿,9.75%,3.6
2015-12-01,42.21,42.99,43.67,41.69,90145,7948万,4.61%,2.17
2015-12-02,42.99,42.47,43.82,40.76,106359,9292万,7.13%,2.56
2015-12-03,42.52,44.86,44.96,42.32,143208,1.28亿,6.24%,3.44
2015-12-04,44.13,44.55,45.12,43.98,129967,1.19亿,2.55%,3.12
2015-12-07,44.44,44.86,45.22,43.87,112125,1.03亿,3.03%,2.69
2015-12-08,44.91,45.74,48.65,44.60,383324,3.67亿,9.03%,9.21
2015-12-09,46.05,49.95,50.31,45.79,434214,4.26亿,9.88%,10.43
2015-12-10,49.17,48.75,49.95,47.87,278842,2.77亿,4.16%,6.7
2015-12-11,48.34,50.31,51.19,47.35,267446,2.71亿,7.88%,6.42
2015-12-14,49.43,51.45,52.13,49.27,203943,2.10亿,5.68%,4.9
2015-12-15,51.09,50.47,51.66,49.95,181212,1.87亿,3.33%,4.35
2015-12-16,50.05,49.38,50.52,49.01,145249,1.47亿,2.98%,3.49
2015-12-17,49.59,50.10,50.26,49.22,189199,1.92亿,2.10%,4.55
2015-12-18,49.95,48.86,49.95,48.39,134984,1.35亿,3.11%,3.24
2015-12-21,48.49,50.00,50.31,48.18,151317,1.53亿,4.36%,3.64
2015-12-22,50.00,52.34,53.58,49.79,264216,2.80亿,7.58%,6.35
2015-12-23,52.54,50.99,55.04,50.16,239719,2.59亿,9.33%,5.76
2015-12-24,50.05,49.84,51.35,48.91,127966,1.30亿,4.79%,3.07
2015-12-25,49.59,50.83,51.45,49.53,81349,8394万,3.85%,1.95
2015-12-28,51.71,50.83,53.12,50.05,140031,1.47亿,6.03%,3.36
2015-12-29,50.99,50.88,51.51,49.01,118964,1.21亿,4.90%,2.86
2015-12-30,51.09,52.39,52.44,50.36,110238,1.15亿,4.08%,2.65
2015-12-31,52.54,55.24,57.17,52.44,349118,3.90亿,9.02%,8.39
2016-01-04,55.71,49.59,56.02,49.53,181711,1.95亿,11.75%,4.37
2016-01-05,46.16,46.47,49.01,44.39,247809,2.37亿,9.32%,5.95
2016-01-06,47.46,49.01,49.27,46.73,131775,1.29亿,5.48%,3.17
2016-01-07,49.01,43.82,49.12,43.82,42170,3999万,10.81%,1.01
2016-01-08,44.91,43.61,45.64,39.15,166365,1.49亿,14.81%,4
2016-01-11,42.89,38.94,42.89,38.94,127920,1.07亿,9.05%,3.07
2016-01-12,38.53,37.28,39.51,35.57,166163,1.28亿,10.13%,3.99
2016-01-13,37.07,33.49,37.85,33.44,117177,8805万,11.84%,2.81
2016-01-14,32.40,34.99,35.51,30.42,122765,8650万,15.20%,2.95
2016-01-15,33.96,33.33,35.62,32.81,98507,7024万,8.01%,2.37
2016-01-18,31.52,33.80,34.73,31.52,102027,7183万,9.66%,2.45
2016-01-19,33.80,35.62,35.98,33.44,97199,7099万,7.53%,2.34
2016-01-20,35.25,35.83,37.02,34.99,111131,8326万,5.69%,2.67
2016-01-21,34.47,34.01,36.71,33.90,90143,6630万,7.83%,2.17
2016-01-22,34.84,34.42,35.20,33.07,75429,5395万,6.26%,1.81
2016-01-25,34.94,35.20,35.31,34.42,58439,4258万,2.56%,1.4
2016-01-26,34.68,31.52,34.79,31.41,86743,5985万,9.59%,2.08
2016-01-27,31.10,31.36,32.35,28.71,90666,5835万,11.53%,2.18
2016-01-28,30.53,29.70,31.67,29.59,54906,3559万,6.62%,1.32
2016-01-29,30.06,31.20,31.62,29.39,78595,5089万,7.52%,1.89
2016-02-01,31.00,30.68,31.52,30.22,64050,4170万,4.16%,1.54
2016-02-02,30.89,31.46,32.40,30.89,82373,5505万,4.91%,1.98
2016-02-03,31.31,32.55,32.71,30.84,74902,5018万,5.94%,1.8
2016-02-04,32.40,33.64,33.80,32.19,83069,5794万,4.94%,2
2016-02-05,33.85,33.02,33.85,32.97,53548,3743万,2.62%,1.29
2016-02-15,31.93,32.61,32.97,31.41,53699,3617万,4.72%,1.29
2016-02-16,32.87,34.27,34.32,32.45,81807,5770万,5.73%,1.97
2016-02-17,34.32,34.63,34.89,33.70,59458,4268万,3.49%,1.43
2016-02-18,34.84,35.62,35.72,34.47,87113,6357万,3.60%,2.09
2016-02-19,35.36,35.41,35.77,34.73,67475,4966万,2.92%,1.62
2016-02-22,35.41,36.50,36.60,35.41,98035,7368万,3.37%,2.36
2016-02-23,36.40,35.88,36.45,35.25,68894,5143万,3.27%,1.66
2016-02-24,35.77,36.76,37.07,35.25,82922,6260万,5.07%,1.99
2016-02-25,36.55,32.81,36.71,32.81,122000,8728万,10.59%,2.93
2016-02-26,33.38,32.45,33.54,31.15,77807,5307万,7.28%,1.87
2016-02-29,32.24,29.39,32.45,29.02,82799,5243万,10.56%,1.99
2016-03-01,29.75,30.32,30.63,29.33,60830,3858万,4.42%,1.46
2016-03-02,30.53,32.45,32.92,30.17,96397,6373万,9.08%,2.32
2016-03-03,32.45,32.81,33.64,32.29,89268,6168万,4.16%,2.14
2016-03-04,32.50,32.03,33.18,30.32,74593,5019万,8.70%,1.79
2016-03-07,32.03,33.64,33.64,31.98,79416,5516万,5.19%,1.91
2016-03-08,33.44,34.63,34.68,31.88,100128,6958万,8.33%,2.41
2016-03-09,33.70,33.07,34.16,32.92,67187,4716万,3.60%,1.61
2016-03-10,33.12,32.50,33.54,32.35,35252,2430万,3.61%,0.85
2016-03-11,31.98,32.09,32.71,31.62,29439,1993万,3.35%,0.71
2016-03-14,32.81,33.85,34.37,32.66,69301,4902万,5.34%,1.66
2016-03-15,33.59,33.54,34.27,33.33,40332,2850万,2.76%,0.97
2016-03-16,34.58,34.58,35.10,33.75,92972,6694万,4.03%,2.23
2016-03-17,34.37,35.62,35.93,34.16,95787,7018万,5.11%,2.3
2016-03-18,35.25,36.45,36.55,35.25,109272,8218万,3.64%,2.63
2016-03-21,36.60,37.02,37.23,36.14,124353,9448万,2.99%,2.99
2016-03-22,36.45,36.50,37.49,36.24,84183,6448万,3.37%,2.02
2016-03-23,36.29,36.55,36.97,35.83,60368,4572万,3.13%,1.45
2016-03-24,36.08,35.51,36.19,35.46,57656,4299万,1.99%,1.39
2016-03-25,35.41,36.97,37.33,35.36,105396,8036万,5.56%,2.53
2016-03-28,36.97,38.16,38.53,36.97,149225,1.17亿,4.21%,3.58
2016-03-29,37.69,38.68,39.04,37.49,186357,1.48亿,4.08%,4.48
2016-03-30,38.94,39.93,40.19,38.68,124723,1.02亿,3.89%,3
2016-03-31,40.08,40.34,42.78,39.82,149187,1.27亿,7.41%,3.58
2016-04-01,41.23,41.64,42.16,39.98,139989,1.19亿,5.41%,3.36
2016-04-05,41.95,42.83,43.72,40.71,157278,1.37亿,7.23%,3.78
2016-04-06,42.26,45.43,45.64,42.21,181827,1.65亿,8.00%,4.37
2016-04-07,45.33,43.56,45.33,43.46,161301,1.46亿,4.11%,3.87
2016-04-08,42.83,42.42,43.46,41.38,142147,1.24亿,4.77%,3.41
2016-04-11,43.04,42.78,44.34,42.52,106578,9520万,4.28%,2.56
2016-04-12,42.58,43.46,43.56,42.32,63565,5600万,2.91%,1.53
2016-04-13,43.30,43.61,44.24,43.25,76463,6883万,2.27%,1.84
2016-04-14,43.67,44.55,44.76,43.41,87150,7911万,3.10%,2.09
2016-04-15,44.81,45.12,45.22,44.08,88591,8122万,2.56%,2.13
2016-04-18,44.81,45.95,46.63,44.24,112553,1.05亿,5.29%,2.7
2016-04-19,45.95,46.78,46.94,44.91,110351,1.04亿,4.41%,2.65
2016-04-20,46.94,44.08,47.35,42.58,160046,1.47亿,10.21%,3.84
2016-04-21,43.77,42.83,44.44,42.37,98926,8891万,4.71%,2.38
2016-04-22,42.47,42.21,42.73,40.50,123390,1.06亿,5.21%,2.96
2016-04-25,41.74,43.35,43.56,40.97,81789,7198万,6.15%,1.96
2016-04-26,43.41,43.87,44.08,43.15,64321,5777万,2.16%,1.55
2016-04-27,44.29,43.93,45.53,43.35,104210,9534万,4.97%,2.5
2016-04-28,43.72,43.87,44.08,42.37,109711,9775万,3.90%,2.64
2016-04-29,43.35,44.24,44.65,43.35,75121,6825万,2.96%,1.8
2016-05-03,44.60,45.33,45.48,43.93,71325,6587万,3.52%,1.71
2016-05-04,45.22,44.91,45.85,44.55,74158,6845万,2.86%,1.78
2016-05-05,44.76,45.43,45.79,44.60,63711,5920万,2.66%,1.53
2016-05-06,45.33,43.77,45.53,43.72,150763,1.38亿,4.00%,3.62
2016-05-09,42.78,39.15,43.04,39.10,124705,1.05亿,9.02%,3
2016-05-10,39.51,38.37,39.62,37.75,130604,1.04亿,4.77%,3.14
2016-05-11,38.89,37.02,39.10,36.03,124761,9653万,7.98%,3
2016-05-12,36.19,36.76,37.07,34.99,73238,5486万,5.61%,1.76
2016-05-13,36.76,37.28,37.38,35.93,66663,5105万,3.96%,1.6
2016-05-16,37.23,38.68,39.15,36.92,76964,6090万,5.99%,1.85
2016-05-17,38.68,38.73,39.36,38.27,52221,4191万,2.82%,1.25
2016-05-18,38.37,37.69,38.63,36.55,91469,7121万,5.36%,2.2
2016-05-19,37.69,38.58,39.25,37.07,64583,5146万,5.79%,1.55
2016-05-20,38.21,38.53,38.94,36.81,51423,4081万,5.52%,1.24
2016-05-23,38.53,39.56,39.67,38.37,61417,4945万,3.37%,1.48
2016-05-24,39.41,39.36,40.45,38.68,55641,4524万,4.46%,1.34
2016-05-25,39.56,39.20,40.19,38.84,65561,5358万,3.43%,1.57
2016-05-26,39.30,39.41,39.62,38.11,50694,4082万,3.84%,1.22
2016-05-27,39.30,40.19,40.24,38.99,56791,4682万,3.16%,1.36
2016-05-30,39.93,39.98,40.55,39.15,38297,3164万,3.49%,0.92
2016-05-31,40.19,41.85,42.00,39.98,78166,6622万,5.07%,1.88
2016-06-01,42.21,41.95,42.21,41.48,68985,5932万,1.74%,1.66
2016-06-02,41.74,41.95,42.16,41.23,63488,5462万,2.23%,1.53
2016-06-03,42.11,42.21,42.32,41.48,57464,4962万,1.98%,1.38
2016-06-06,42.16,42.68,43.30,41.64,95303,8251万,3.94%,2.29
2016-06-07,42.47,43.82,44.08,42.21,106518,9510万,4.38%,2.56
2016-06-08,43.82,43.82,44.08,43.15,64591,5786万,2.13%,1.55
2016-06-13,43.30,43.51,45.64,42.89,133758,1.21亿,6.28%,3.21
2016-06-14,43.51,44.55,44.76,43.09,119989,1.08亿,3.82%,2.88
2016-06-15,43.82,47.82,48.18,43.46,192611,1.83亿,10.61%,4.63
2016-06-16,47.35,48.81,50.68,47.25,298718,3.00亿,7.17%,7.18
2016-06-17,49.01,48.60,49.64,47.87,167523,1.66亿,3.62%,4.02
2016-06-20,47.46,44.76,48.34,43.46,273368,2.52亿,10.04%,6.57
2016-06-21,45.02,43.56,45.02,42.78,162343,1.46亿,4.99%,3.9
2016-06-22,43.46,44.34,44.50,43.04,86026,7767万,3.34%,2.07
2016-06-23,44.24,44.03,44.55,43.35,67906,6105万,2.69%,1.63
2016-06-24,43.82,42.21,44.18,40.76,138075,1.21亿,7.78%,3.32
2016-06-27,41.59,42.73,42.73,41.43,93170,8131万,3.08%,2.24
2016-06-28,42.32,42.78,42.78,41.54,113023,9810万,2.92%,2.72
2016-06-29,42.73,43.56,43.61,42.58,98512,8716万,2.43%,2.37
2016-06-30,43.61,42.73,43.61,42.26,130652,1.15亿,3.10%,3.14
2016-07-01,42.68,42.42,42.99,42.26,58181,5087万,1.70%,1.4
2016-07-04,41.90,43.20,43.67,41.85,98061,8626万,4.28%,2.36
2016-07-05,43.30,44.60,44.70,43.09,173359,1.56亿,3.73%,4.16
2016-07-06,44.39,45.28,45.64,44.08,185976,1.72亿,3.49%,4.47
2016-07-07,45.38,46.37,46.42,44.91,172821,1.63亿,3.33%,4.15
2016-07-08,46.37,46.26,46.47,45.28,124198,1.17亿,2.58%,2.98
2016-07-11,45.90,45.17,46.52,45.07,93834,8810万,3.14%,2.25
2016-07-12,44.91,45.95,46.31,44.70,112318,1.05亿,3.56%,2.7
2016-07-13,45.90,47.56,47.72,45.69,192516,1.84亿,4.41%,4.62
2016-07-14,51.09,49.17,52.60,48.70,417504,4.28亿,8.19%,10.03
2016-07-15,48.03,49.43,50.26,48.03,236843,2.38亿,4.54%,5.69
2016-07-18,48.91,49.17,49.79,48.75,119937,1.21亿,2.10%,2.88
2016-10-14,53.84,54.36,54.36,51.09,831463,9.07亿,6.65%,19.97
2016-10-17,54.10,52.65,55.71,52.54,553312,6.06亿,5.83%,13.29
2016-10-18,51.77,53.32,54.26,51.14,381213,4.09亿,5.92%,9.16
2016-10-19,52.70,55.19,57.37,52.44,445014,4.96亿,9.25%,10.69
2016-10-20,54.62,60.18,60.90,54.57,470989,5.54亿,11.48%,11.31
2016-10-21,59.09,57.11,60.02,56.28,390440,4.56亿,6.21%,9.38
2016-10-24,56.80,58.05,58.31,56.65,166496,1.94亿,2.91%,4
2016-10-25,57.37,58.83,59.14,56.08,194351,2.27亿,5.28%,4.67
2016-10-26,58.20,58.00,60.80,57.84,235867,2.84亿,5.03%,5.67
2016-10-27,57.06,58.05,59.04,56.96,127675,1.49亿,3.58%,3.07
2016-10-28,57.79,59.24,60.23,57.79,188587,2.26亿,4.20%,4.53
2016-10-31,59.24,62.83,63.86,58.46,245316,3.05亿,9.12%,5.89
2016-11-01,62.00,63.45,65.06,60.59,194332,2.47亿,7.11%,4.67
2016-11-02,62.25,64.28,65.58,62.00,181394,2.34亿,5.65%,4.36
2016-11-03,63.81,70.98,70.98,63.71,395181,5.51亿,11.31%,9.49
2016-11-04,72.12,69.63,72.80,67.97,277936,3.91亿,6.80%,6.68
2016-11-07,70.04,69.42,70.04,67.19,153078,2.10亿,4.10%,3.68
2016-11-08,69.06,69.73,71.86,69.06,175023,2.47亿,4.04%,4.2
2016-11-09,69.84,67.91,70.10,67.19,158674,2.17亿,4.17%,3.81
2016-11-10,68.49,68.07,69.16,67.45,125189,1.71亿,2.52%,3.01
2016-11-11,67.71,68.02,69.68,67.45,106510,1.46亿,3.28%,2.56
2016-11-14,67.50,63.66,68.49,62.31,257191,3.36亿,9.08%,6.18
2016-11-15,63.50,64.70,65.58,62.98,133839,1.74亿,4.08%,3.22
2016-11-16,64.64,63.66,66.05,63.55,81007,1.05亿,3.85%,1.95
2016-11-17,64.02,61.68,64.75,61.42,124507,1.57亿,5.22%,2.99
2016-11-18,62.00,61.63,62.51,60.70,120793,1.49亿,2.95%,2.9
2016-11-21,61.06,60.23,62.46,59.92,146903,1.80亿,4.13%,3.53
2016-11-22,60.96,64.75,65.42,60.44,251819,3.23亿,8.28%,6.05
2016-11-23,64.70,65.06,66.88,63.97,192547,2.54亿,4.49%,4.63
2016-11-24,64.54,64.07,65.79,63.55,157954,2.05亿,3.43%,3.79
2016-11-25,64.33,65.79,66.36,62.83,128137,1.67亿,5.51%,3.08
2016-11-28,66.41,65.53,66.46,64.85,71036,9357万,2.45%,1.71
2016-11-29,65.79,65.94,67.50,64.70,117739,1.57亿,4.28%,2.83
2016-11-30,65.37,65.01,66.20,64.70,70891,9311万,2.28%,1.7
2016-12-01,65.63,66.56,67.97,65.06,115833,1.56亿,4.47%,2.78
2016-12-02,66.67,63.76,67.19,63.09,99068,1.30亿,6.16%,2.38
2016-12-05,60.96,60.13,62.51,59.55,76321,9403万,4.64%,1.83
2016-12-06,60.33,61.01,61.94,60.33,57196,7074万,2.68%,1.37
2016-12-07,61.48,61.94,62.25,60.54,51075,6310万,2.81%,1.23
2016-12-08,61.94,61.42,62.93,60.96,54724,6832万,3.19%,1.31
2016-12-09,61.22,62.20,63.14,61.01,83747,1.05亿,3.47%,2.01
2016-12-12,62.77,56.02,62.77,55.71,136532,1.61亿,11.35%,3.28
2016-12-13,55.87,55.04,56.02,50.16,100816,1.11亿,10.47%,2.42
2016-12-14,55.19,54.10,55.24,53.27,66589,7316万,3.59%,1.6
2016-12-15,53.95,54.83,55.97,53.17,75100,8377万,5.18%,1.8
2016-12-16,54.62,57.48,57.53,53.95,86576,9901万,6.53%,2.08
2016-12-19,57.48,56.44,58.15,56.28,52003,5995万,3.25%,1.25
2016-12-20,56.54,56.70,58.00,56.28,76480,8852万,3.04%,1.84
2016-12-21,57.32,57.06,58.05,56.49,83284,9658万,2.75%,2
2016-12-22,57.37,56.91,57.79,56.44,47956,5536万,2.37%,1.15
2016-12-23,56.96,55.14,57.22,54.41,74766,8474万,4.93%,1.8
2016-12-26,55.76,55.40,55.92,53.58,67573,7476万,4.24%,1.62
2016-12-27,55.35,56.65,57.01,55.35,61233,6996万,3.00%,1.47
2016-12-28,56.65,57.32,58.15,56.65,69556,8104万,2.66%,1.67
2016-12-29,57.69,58.72,59.35,56.91,103065,1.21亿,4.26%,2.48
2016-12-30,58.78,58.20,60.13,57.79,78939,9388万,3.98%,1.9
2017-01-03,58.41,59.66,60.18,58.41,61929,7444万,3.03%,1.49
2017-01-04,59.92,63.19,65.11,59.30,183067,2.29亿,9.75%,4.4
2017-01-05,63.19,63.50,65.11,62.36,123411,1.59亿,4.36%,2.96
2017-01-06,63.45,64.49,67.08,62.67,158267,2.08亿,6.95%,3.8
2017-01-09,63.86,65.01,65.53,63.71,92809,1.21亿,2.82%,2.23
2017-01-10,65.37,64.54,66.41,64.44,99868,1.32亿,3.04%,2.4
2017-01-11,65.11,64.70,67.08,64.59,125894,1.66亿,3.86%,3.02
2017-01-12,64.07,60.54,65.47,59.87,131619,1.66亿,8.67%,3.16
2017-01-13,60.90,63.60,66.88,60.90,243971,3.20亿,9.86%,5.86
2017-01-16,63.71,57.79,64.33,56.96,190768,2.30亿,11.59%,4.58
2017-01-17,57.06,58.26,59.66,54.73,96030,1.13亿,8.54%,2.31
2017-01-18,58.78,57.01,60.59,56.80,89599,1.06亿,6.51%,2.15
2017-01-19,55.82,55.61,57.48,55.50,55671,6353万,3.46%,1.34
2017-01-20,56.02,56.75,57.22,55.66,61397,7050万,2.80%,1.47
2017-01-23,56.70,60.59,60.85,56.70,97008,1.16亿,7.32%,2.33
2017-01-24,60.44,59.55,61.16,58.93,83556,1.01亿,3.68%,2.01
2017-01-25,59.04,59.19,60.33,58.36,66869,8027万,3.31%,1.61
2017-01-26,58.98,59.50,60.02,58.98,40660,4894万,1.75%,0.98
2017-02-03,59.81,59.35,60.07,58.52,29121,3495万,2.62%,0.7
2017-02-06,59.24,59.19,59.61,58.62,50354,6014万,1.66%,1.21
2017-02-07,58.88,59.61,60.02,58.67,56340,6767万,2.28%,1.35
2017-02-08,59.61,59.30,59.61,58.78,44864,5363万,1.39%,1.08
2017-02-09,59.30,59.61,59.66,59.04,70210,8421万,1.05%,1.69
2017-02-10,59.71,59.19,59.81,57.84,78844,9413万,3.31%,1.89
2017-02-13,59.24,61.22,62.62,58.36,112320,1.38亿,7.19%,2.7
2017-02-14,60.85,61.16,62.10,60.39,62859,7766万,2.80%,1.51
2017-02-15,60.80,60.02,61.89,59.97,70020,8596万,3.14%,1.68
2017-02-16,59.81,59.81,61.27,59.50,46483,5658万,2.94%,1.12
2017-02-17,59.87,59.50,60.96,58.88,61154,7386万,3.47%,1.47
2017-02-20,59.24,58.26,59.24,57.32,91366,1.08亿,3.23%,2.19
2017-02-21,58.41,58.26,58.72,57.84,54645,6434万,1.52%,1.31
2017-02-22,59.35,58.36,59.35,57.89,51154,6042万,2.50%,1.23
2017-02-23,58.41,57.58,58.67,56.80,68197,7956万,3.20%,1.64
2017-02-24,57.58,58.78,59.14,56.96,73408,8633万,3.79%,1.76
2017-02-27,59.19,57.69,59.19,57.32,56746,6660万,3.18%,1.36
2017-02-28,57.79,58.05,59.09,56.96,57882,6795万,3.69%,1.39
2017-03-01,58.00,58.41,59.09,56.96,81817,9645万,3.67%,1.97
2017-03-02,58.52,57.48,58.52,57.37,64691,7557万,1.96%,1.55
2017-03-03,57.48,56.28,57.74,56.23,49814,5731万,2.62%,1.2
2017-03-06,56.49,55.97,56.59,55.50,64075,7269万,1.94%,1.54
2017-03-07,56.02,55.92,56.59,55.40,72823,8243万,2.13%,1.75
2017-03-08,55.97,55.66,56.23,55.56,31743,3598万,1.21%,0.76
2017-03-09,56.02,55.24,56.02,54.67,61324,6867万,2.43%,1.47
2017-03-10,55.24,54.67,55.45,54.47,34171,3814万,1.79%,0.82
2017-03-13,54.57,55.76,55.97,54.26,60312,6765万,3.13%,1.45
2017-03-14,56.75,56.39,57.37,55.92,75093,8639万,2.61%,1.8
2017-03-15,56.65,55.87,56.65,55.76,36222,4125万,1.57%,0.87
2017-03-16,55.87,56.49,57.53,55.87,39369,4515万,2.97%,0.95
2017-03-17,56.59,55.66,56.96,55.61,44827,5094万,2.39%,1.08
2017-03-20,55.50,56.96,57.06,55.45,72009,8251万,2.89%,1.73
2017-03-21,56.91,56.18,56.91,55.92,59298,6768万,1.73%,1.42
2017-03-22,56.13,58.26,59.14,56.13,152385,1.79亿,5.36%,3.66
2017-03-23,58.41,57.58,58.41,56.75,96430,1.12亿,2.85%,2.32
2017-03-24,57.32,57.01,57.79,56.08,69839,8014万,2.98%,1.68
2017-03-27,56.54,56.85,56.96,56.28,67328,7718万,1.18%,1.62
2017-03-28,56.80,56.34,56.80,53.17,41341,4688万,6.39%,0.99
2017-03-29,56.23,54.31,56.23,54.00,58173,6472万,3.96%,1.4
2017-03-30,54.31,49.59,54.62,49.01,130325,1.35亿,10.33%,3.13
2017-03-31,49.33,48.96,50.88,48.13,79945,8055万,5.55%,1.92
2017-04-05,51.14,49.69,52.96,49.27,112529,1.16亿,7.53%,2.7
2017-04-06,50.31,54.93,54.93,49.48,143827,1.52亿,10.97%,3.46
2017-04-07,53.69,52.91,54.67,51.66,142327,1.54亿,5.48%,3.42
2017-04-10,52.80,53.74,56.75,51.61,131005,1.44亿,9.72%,3.15
2017-04-11,54.57,54.73,56.54,52.60,125924,1.40亿,7.34%,3.03
2017-04-12,54.00,51.45,54.26,51.14,87906,9446万,5.69%,2.11
2017-04-13,51.14,52.49,53.53,51.14,46524,4956万,4.64%,1.12
2017-04-14,51.77,49.38,52.54,49.22,82204,8437万,6.33%,1.97
2017-04-17,49.38,49.22,50.10,49.01,38597,3885万,2.21%,0.93
2017-04-18,50.00,48.75,50.00,48.70,29199,2931万,2.64%,0.7
2017-04-19,49.01,47.25,49.01,46.31,58556,5660万,5.54%,1.41
2017-04-20,47.66,47.04,47.87,46.42,27959,2692万,3.08%,0.67
2017-04-21,46.68,47.35,47.61,46.68,24963,2405万,1.99%,0.6
2017-04-24,47.35,45.53,47.66,44.96,35037,3290万,5.70%,0.84
2017-04-25,45.17,45.22,46.37,45.02,30024,2816万,2.96%,0.72
2017-04-26,45.12,45.59,46.31,44.91,27241,2549万,3.10%,0.65
2017-04-27,45.64,45.12,45.64,43.20,40276,3674万,5.35%,0.97
2017-04-28,45.02,44.91,45.53,44.76,21118,1949万,1.73%,0.51
2017-05-02,44.76,43.77,44.91,43.56,38344,3462万,3.01%,0.92
2017-05-03,43.72,43.82,44.39,43.25,31572,2837万,2.61%,0.76
2017-05-04,43.77,43.82,44.34,42.83,42935,3861万,3.44%,1.03
2017-05-05,43.77,43.04,43.98,42.99,27764,2481万,2.25%,0.67
2017-05-08,42.58,40.08,43.15,39.20,59621,5043万,9.17%,1.43
2017-05-09,40.13,38.68,40.19,37.54,70583,5616万,6.61%,1.7
2017-05-10,38.73,37.80,38.94,37.69,31042,2459万,3.22%,0.75
2017-05-11,37.80,37.49,37.80,34.63,63825,4839万,8.38%,1.53
2017-05-12,37.43,37.49,37.75,36.76,26955,2090万,2.63%,0.65
2017-05-15,37.43,36.97,38.32,36.86,31506,2457万,3.88%,0.76
2017-05-16,36.97,37.69,37.80,35.62,34883,2657万,5.90%,0.84
2017-05-17,37.59,41.74,41.74,37.23,177107,1.51亿,11.98%,4.25
2017-05-18,41.59,40.34,42.21,39.88,106446,8980万,5.60%,2.56
2017-05-19,41.43,39.56,41.43,39.20,73731,6086万,5.53%,1.77
2017-05-22,39.15,37.75,39.56,37.28,54143,4302万,5.77%,1.3
2017-05-23,38.06,34.94,38.11,34.42,72231,5380万,9.77%,1.74
2017-05-24,35.15,35.36,35.98,34.42,35034,2576万,4.46%,0.84
2017-05-25,35.36,35.88,36.03,34.79,50513,3738万,3.52%,1.21
2017-05-26,35.77,35.72,36.14,35.46,35224,2624万,1.88%,0.85
2017-05-31,36.40,37.38,39.30,36.24,69503,5417万,8.58%,1.67
2017-06-01,37.33,35.25,37.33,35.05,44986,3365万,6.11%,1.08
2017-06-02,34.73,35.72,35.83,34.37,47608,3495万,4.12%,1.14
2017-06-05,35.77,36.55,36.81,35.62,44232,3331万,3.34%,1.06
2017-06-06,36.34,36.66,36.81,36.08,27188,2063万,1.99%,0.65
2017-06-07,36.45,38.58,38.73,36.40,75210,5912万,6.37%,1.81
2017-06-08,38.78,37.90,39.04,37.75,47525,3785万,3.37%,1.14
2017-06-09,41.12,42.00,42.00,40.45,153857,1.33亿,4.11%,3.7
2017-06-12,42.52,43.98,45.69,42.16,284412,2.56亿,8.41%,6.83
2017-06-15,43.82,46.57,48.60,39.93,229132,2.07亿,19.72%,5.5
2017-06-16,44.86,44.76,48.34,44.34,189605,1.79亿,8.58%,4.55
2017-06-19,44.50,43.41,45.64,42.73,117062,1.05亿,6.50%,2.81
2017-06-20,43.35,43.30,43.93,42.78,80075,7116万,2.63%,1.92
2017-06-21,43.35,43.20,43.67,42.16,74999,6610万,3.48%,1.8
2017-06-22,43.35,41.48,43.41,41.38,61021,5353万,4.69%,1.47
2017-06-23,41.48,41.07,41.90,39.98,62767,5258万,4.63%,1.51
2017-06-26,40.86,42.78,43.04,40.76,97169,8463万,5.56%,2.33
2017-06-27,42.99,42.78,43.56,42.26,63083,5567万,3.03%,1.52
2017-06-28,43.04,43.35,45.79,42.47,109848,9908万,7.77%,2.64
2017-06-29,44.08,43.30,44.34,43.20,59033,5288万,2.63%,1.42
2017-06-30,43.56,43.87,43.98,42.68,64997,5801万,3.00%,1.56
2017-07-03,43.82,43.61,44.13,43.41,32716,2931万,1.66%,0.79
2017-07-04,43.72,43.56,43.87,43.20,38064,3405万,1.55%,0.91
2017-07-05,43.82,43.61,43.82,43.25,36991,3308万,1.31%,0.89
2017-07-06,43.67,43.35,43.77,42.89,48384,4311万,2.02%,1.16
2017-07-07,43.46,43.82,44.03,43.04,46465,4152万,2.28%,1.12
2017-07-10,43.77,45.33,47.87,43.46,109882,1.03亿,10.07%,2.64
2017-07-11,44.96,45.64,46.78,44.70,87403,8217万,4.58%,2.1
2017-07-12,45.64,47.51,47.72,45.02,141829,1.35亿,5.92%,3.41
2017-07-13,47.25,47.40,48.18,46.57,170856,1.66亿,3.39%,4.1
2017-07-14,47.46,46.16,47.51,45.69,55369,5259万,3.83%,1.33
2017-07-17,46.16,43.77,46.16,41.28,85185,7636万,10.57%,2.05
2017-07-18,44.29,44.86,45.02,43.46,63482,5770万,3.56%,1.53
2017-07-19,44.86,45.85,46.16,44.34,63672,5930万,4.05%,1.53
2017-07-20,45.85,45.64,46.83,45.33,61513,5788万,3.28%,1.48
2017-07-21,45.69,45.64,46.26,44.34,63473,5892万,4.21%,1.52
2017-07-24,45.28,44.76,45.74,44.44,46200,4253万,2.84%,1.11
2017-07-25,45.07,44.70,45.53,44.34,43595,4022万,2.67%,1.05
2017-07-26,44.76,47.72,49.01,44.50,176785,1.70亿,10.11%,4.25
2017-07-27,47.51,47.30,48.49,47.04,85684,8356万,3.05%,2.06
2017-07-28,47.20,46.63,47.98,46.42,58992,5689万,3.29%,1.42
2017-07-31,46.73,46.52,47.20,46.42,45623,4353万,1.67%,1.1
2017-08-01,46.57,47.04,47.92,46.31,59101,5708万,3.46%,1.42
2017-08-02,47.20,45.53,47.20,45.38,58636,5550万,3.86%,1.41
2017-08-03,45.53,46.26,46.68,44.96,36959,3489万,3.76%,0.89
2017-08-04,46.16,46.26,46.78,45.85,32649,3086万,2.02%,0.78
2017-08-07,46.26,45.33,46.37,45.22,35149,3289万,2.47%,0.84
2017-08-08,45.33,44.29,45.79,44.24,40655,3732万,3.44%,0.98
2017-08-09,44.34,44.70,44.96,43.82,46357,4214万,2.58%,1.11
2017-08-10,44.60,43.77,44.60,43.56,45624,4116万,2.32%,1.1
2017-08-11,43.77,43.93,44.24,42.78,35533,3162万,3.32%,0.85
2017-08-14,43.82,44.13,44.50,43.56,26274,2382万,2.13%,0.63
2017-08-15,44.55,44.13,44.55,43.98,18891,1715万,1.29%,0.45
2017-08-16,44.34,43.93,44.34,43.56,23935,2158万,1.76%,0.57
2017-08-17,43.98,44.60,44.81,43.82,27227,2481万,2.25%,0.65
2017-08-18,44.34,44.60,45.12,43.82,22499,2058万,2.91%,0.54
2017-08-21,44.60,45.17,45.43,44.60,37430,3457万,1.86%,0.9
2017-08-22,45.12,44.70,45.12,44.65,21138,1942万,1.03%,0.51
2017-08-23,44.86,43.87,44.86,43.82,26924,2441万,2.32%,0.65
2017-08-24,44.13,44.91,46.94,43.30,65261,6011万,8.28%,1.57
2017-08-25,44.34,44.44,45.02,43.87,35335,3220万,2.54%,0.85
2017-08-28,44.60,44.50,44.86,44.03,32175,2937万,1.87%,0.77
2017-08-29,44.70,45.02,45.64,44.13,53053,4889万,3.38%,1.27
2017-08-30,45.28,45.64,46.31,44.70,70120,6547万,3.58%,1.68
2017-08-31,45.64,45.12,45.74,44.91,33110,3065万,1.82%,0.8
2017-09-01,45.12,44.96,45.43,44.65,33437,3081万,1.73%,0.8
2017-09-04,44.96,45.17,45.64,44.65,35814,3314万,2.19%,0.86
2017-09-05,45.28,44.76,45.28,44.39,31612,2903万,1.95%,0.76
2017-09-06,44.65,44.29,44.65,43.77,36970,3356万,1.97%,0.89
2017-09-07,44.39,43.98,44.39,43.93,27679,2507万,1.06%,0.66
2017-09-08,44.13,44.03,44.13,43.72,20054,1809万,0.94%,0.48
2017-09-11,43.82,43.87,44.18,43.35,20829,1880万,1.89%,0.5
2017-09-12,43.87,43.41,43.87,43.41,29870,2674万,1.07%,0.72
2017-09-13,43.98,43.98,44.08,43.51,15315,1377万,1.32%,0.37
2017-09-14,43.82,43.98,44.18,43.77,21807,1967万,0.94%,0.52
2017-09-15,43.82,43.56,43.87,43.41,18291,1638万,1.06%,0.44
2017-09-18,43.56,43.67,43.87,43.15,26809,2394万,1.67%,0.64
2017-09-19,43.56,43.25,43.72,43.20,13822,1232万,1.19%,0.33
2017-09-20,43.09,42.99,43.35,42.78,23036,2038万,1.32%,0.55
2017-09-21,42.94,43.09,43.35,42.94,17550,1557万,0.97%,0.42
2017-09-22,43.04,43.04,43.56,42.78,18708,1659万,1.81%,0.45
2017-09-25,42.89,42.73,43.41,42.42,16282,1436万,2.29%,0.39
2017-09-26,42.78,42.16,42.78,41.74,26230,2281万,2.43%,0.63
2017-09-27,41.90,44.86,46.00,41.48,163229,1.48亿,10.72%,3.92
2017-09-28,45.02,44.70,45.02,43.61,59017,5378万,3.13%,1.42
2017-09-29,43.87,44.55,44.76,43.20,40004,3633万,3.48%,0.96
2017-10-09,44.50,44.03,44.65,43.93,29756,2704万,1.63%,0.71
2017-10-10,44.29,44.34,44.39,43.77,21872,1982万,1.42%,0.53
2017-10-11,44.39,44.34,44.60,44.03,19381,1763万,1.29%,0.47
2017-10-12,44.24,44.60,44.86,44.08,32171,2933万,1.76%,0.77
2017-10-13,44.76,44.18,44.76,44.08,20121,1830万,1.51%,0.48
2017-10-16,44.24,44.18,44.50,43.98,21172,1921万,1.18%,0.51
2017-10-17,44.18,44.24,44.86,43.93,22065,2007万,2.12%,0.53
2017-10-18,44.29,43.46,44.50,42.78,28697,2587万,3.87%,0.69
2017-10-19,43.56,42.68,44.08,42.52,26491,2345万,3.58%,0.64
2017-10-20,42.68,43.09,43.35,42.58,8894,786万,1.82%,0.21
2017-10-23,43.09,43.04,43.46,42.78,8721,774万,1.57%,0.21
2017-10-24,43.04,43.04,43.51,42.78,13064,1158万,1.69%,0.31
2017-10-25,43.04,42.83,43.15,42.73,12482,1101万,0.97%,0.3
2017-10-26,43.04,42.89,43.41,42.58,26325,2323万,1.94%,0.63
2017-10-27,43.41,42.89,43.87,42.26,69259,6136万,3.75%,1.66
2017-10-30,42.26,42.32,42.89,41.69,136927,1.20亿,2.78%,3.29
2017-10-31,41.69,41.12,42.78,41.07,39234,3356万,4.05%,0.94
2017-11-01,41.17,37.75,41.38,37.59,166801,1.34亿,9.22%,4.01
2017-11-02,37.54,36.19,37.54,35.46,86930,6562万,5.50%,2.09
2017-11-03,36.14,35.98,36.81,35.77,50865,3823万,2.87%,1.22
2017-11-06,35.67,36.29,36.45,34.47,28033,2071万,5.48%,0.67
2017-11-07,36.19,35.83,36.24,35.72,23514,1757万,1.43%,0.56
2017-11-08,35.88,35.62,36.03,35.46,24649,1835万,1.59%,0.59
2017-11-09,35.62,35.57,35.72,35.36,20371,1509万,1.02%,0.49
2017-11-10,35.57,35.31,35.88,35.15,28438,2100万,2.04%,0.68
2017-11-13,35.67,36.19,37.38,35.67,48959,3722万,4.85%,1.18
2017-11-14,35.93,36.29,36.71,35.62,31934,2400万,3.01%,0.77
2017-11-15,36.40,35.93,36.40,35.67,16609,1243万,2.00%,0.4
2017-11-16,35.93,35.83,36.29,35.67,17658,1319万,1.73%,0.42
2017-11-17,35.88,34.01,35.98,33.44,41886,3021万,7.10%,1.01
2017-11-20,34.27,34.06,34.27,32.66,24262,1713万,4.73%,0.58
2017-11-21,34.16,34.42,34.53,33.54,31085,2217万,2.90%,0.75
2017-11-22,34.37,33.07,34.37,31.88,88488,6101万,7.24%,2.13
2017-11-23,32.92,31.00,32.92,30.48,89430,5906万,7.38%,2.15
2017-11-24,30.84,31.20,31.88,30.37,42907,2798万,4.86%,1.03
2017-11-27,31.26,34.11,34.27,30.84,82514,5663万,10.98%,1.98
2017-11-28,33.54,33.12,33.64,32.71,36959,2567万,2.74%,0.89
2017-11-29,33.33,33.07,33.38,32.09,38109,2616万,3.92%,0.92
2017-11-30,32.66,32.35,32.87,32.19,13931,950万,2.04%,0.33
2017-12-01,32.50,32.76,33.12,32.24,15727,1081万,2.73%,0.38
2017-12-04,32.92,34.06,34.99,31.83,54272,3796万,9.67%,1.3
2017-12-05,33.96,32.40,33.96,32.14,28171,1945万,5.34%,0.68
2017-12-06,32.19,32.61,32.81,32.14,17722,1208万,2.08%,0.43
2017-12-07,32.35,33.02,33.28,32.24,19006,1310万,3.19%,0.46
2017-12-08,33.12,34.37,34.84,33.12,48349,3442万,5.19%,1.16
2017-12-11,34.73,34.89,36.19,34.68,45202,3333万,4.38%,1.09
2017-12-12,35.25,33.80,35.25,33.75,21751,1553万,4.32%,0.52
2017-12-13,33.90,33.90,34.58,33.38,19548,1387万,3.53%,0.47
2017-12-14,33.80,34.06,34.27,33.70,13882,987万,1.68%,0.33
2017-12-15,33.80,34.53,34.99,33.49,29222,2098万,4.42%,0.7
2017-12-18,34.53,34.11,34.79,33.18,24446,1733万,4.66%,0.59
2017-12-19,33.96,34.01,34.32,33.59,13926,989万,2.13%,0.33
2017-12-20,33.85,33.64,34.32,33.54,16820,1194万,2.29%,0.4
2017-12-21,33.59,32.87,33.75,32.81,23536,1637万,2.78%,0.57
2017-12-22,33.07,32.40,33.07,32.14,22530,1536万,2.84%,0.54
2017-12-25,32.40,31.67,32.50,31.46,21752,1457万,3.21%,0.52
2017-12-26,31.77,31.83,32.09,31.52,11794,788万,1.80%,0.28
2017-12-27,31.83,32.19,32.81,31.57,24466,1655万,3.92%,0.59
2017-12-28,32.92,33.02,33.70,32.71,19903,1380万,3.06%,0.48
2017-12-29,32.45,33.18,33.28,32.45,13447,928万,2.52%,0.32
2018-01-02,33.18,33.02,33.33,32.76,12065,837万,1.72%,0.29
2018-01-03,32.81,32.97,33.12,32.81,17310,1194万,0.94%,0.42
2018-01-04,32.87,32.76,33.12,32.71,15748,1086万,1.26%,0.38
2018-01-05,32.92,32.81,33.18,32.66,21267,1464万,1.58%,0.51
2018-01-08,32.81,32.14,32.87,31.83,28868,1945万,3.16%,0.69
2018-01-09,32.14,32.19,32.45,31.83,16439,1109万,1.94%,0.39
2018-01-10,32.19,31.88,32.24,31.57,17024,1139万,2.10%,0.41
2018-01-11,31.93,31.88,31.98,31.36,16073,1069万,1.95%,0.39
2018-01-12,31.83,31.67,32.19,31.62,16042,1075万,1.79%,0.39
2018-01-15,31.67,30.89,31.72,30.84,18111,1194万,2.79%,0.44
2018-01-16,30.89,31.41,31.57,30.89,9946,655万,2.19%,0.24
2018-01-17,31.57,31.26,31.62,30.89,10570,693万,2.31%,0.25
2018-01-18,31.10,31.00,31.26,30.94,11005,719万,1.00%,0.26
2018-01-19,31.15,30.94,31.20,30.89,8494,555万,1.01%,0.2
2018-01-22,30.84,31.00,31.10,30.42,12840,835万,2.18%,0.31
2018-01-23,31.05,30.74,31.26,30.68,12381,806万,1.84%,0.3
2018-01-24,30.74,30.42,30.84,30.27,21577,1386万,1.86%,0.52
2018-01-25,30.37,30.53,30.68,30.37,17090,1100万,1.02%,0.41
2018-01-26,30.42,30.42,30.58,30.27,13034,836万,1.02%,0.31
2018-01-29,30.48,29.91,30.48,29.85,12370,788万,2.05%,0.3
2018-01-30,29.75,33.18,33.18,29.70,124645,8640万,11.63%,2.99
2018-01-31,33.12,32.14,34.37,31.88,166423,1.16亿,7.51%,4
2018-02-01,30.48,28.66,30.84,28.66,131393,8118万,6.79%,3.16
2018-02-02,27.98,26.12,28.04,25.49,88186,4952万,8.88%,2.12
2018-02-05,25.49,26.58,27.10,24.61,43236,2419万,9.54%,1.04
2018-02-06,26.12,28.30,29.49,25.02,88790,5226万,16.80%,2.13
2018-02-07,28.66,28.35,29.13,27.05,43849,2620万,7.34%,1.05
2018-02-08,28.35,27.98,28.71,27.31,35937,2122万,4.95%,0.86
2018-02-09,27.41,27.72,27.98,25.91,37677,2158万,7.42%,0.91
2018-02-12,27.52,28.40,28.71,26.95,36255,2142万,6.37%,0.87
2018-02-13,27.72,28.30,28.35,27.72,41873,2498万,2.19%,1.01
2018-02-14,29.07,28.45,29.23,28.09,18936,1147万,4.04%,0.45
2018-02-22,28.45,28.35,28.50,28.04,20056,1205万,1.64%,0.48
2018-02-23,28.40,28.14,28.40,27.88,21198,1265万,1.83%,0.51
2018-02-26,28.09,28.30,28.61,27.98,24207,1455万,2.21%,0.58
2018-02-27,28.45,28.50,29.80,28.24,33125,2031万,5.51%,0.8
2018-02-28,28.24,28.09,28.35,27.83,22765,1361万,1.82%,0.55
2018-03-01,28.24,28.50,29.18,28.09,28671,1742万,3.88%,0.69
2018-03-02,28.87,28.92,29.54,28.66,26831,1647万,3.10%,0.64
2018-03-05,29.13,28.66,29.13,28.24,19426,1184万,3.05%,0.47
2018-03-06,28.40,28.76,28.92,28.40,22265,1352万,1.81%,0.53
2018-03-07,29.02,28.82,29.13,28.50,16832,1026万,2.17%,0.4
2018-03-08,28.82,28.92,28.97,28.56,16500,1009万,1.44%,0.4
2018-03-09,28.92,29.33,29.39,28.76,26487,1635万,2.15%,0.64
2018-03-12,29.54,29.75,29.85,29.23,30686,1918万,2.12%,0.74
2018-03-13,29.80,30.37,32.35,29.39,65918,4302万,9.95%,1.58
2018-03-14,30.37,30.22,31.15,29.96,27084,1736万,3.93%,0.65
2018-03-15,30.32,29.96,30.48,29.54,20103,1267万,3.09%,0.48
2018-03-16,30.11,30.27,30.53,29.85,20152,1288万,2.25%,0.48
2018-03-19,30.42,30.32,31.83,30.27,17268,1114万,5.15%,0.41
2018-03-20,29.59,30.42,30.79,29.59,20750,1323万,3.94%,0.5
2018-03-21,30.17,30.58,31.26,30.11,25843,1676万,3.75%,0.62
2018-03-22,30.32,31.93,33.38,30.32,73746,4982万,10.02%,1.77
2018-03-23,30.94,32.45,33.18,29.59,114238,7662万,11.22%,2.74
2018-03-26,31.36,31.88,32.14,30.01,53293,3509万,6.56%,1.28
2018-03-27,32.03,32.50,32.66,31.41,55050,3713万,3.91%,1.32
2018-03-28,31.83,32.14,32.35,31.52,33634,2258万,2.56%,0.81
2018-03-29,32.03,32.09,32.61,31.62,30941,2086万,3.07%,0.74
2018-03-30,31.88,31.98,32.19,31.41,27335,1828万,2.43%,0.66
2018-04-02,31.77,32.19,33.02,31.36,35202,2383万,5.20%,0.85
2018-04-03,31.26,31.77,32.03,31.26,27475,1823万,2.42%,0.66
2018-04-04,31.93,31.93,32.14,31.62,18623,1245万,1.63%,0.45
2018-04-09,31.52,31.57,31.93,31.41,16028,1065万,1.63%,0.39
2018-04-10,31.52,31.20,31.88,31.20,26475,1753万,2.14%,0.64
2018-04-11,31.20,31.00,31.46,30.89,17224,1127万,1.83%,0.41
2018-04-12,30.84,30.84,30.89,30.22,27680,1781万,2.18%,0.66
2018-04-13,30.79,31.36,31.77,30.63,29191,1924万,3.70%,0.7
2018-04-16,30.94,30.58,31.46,30.37,12709,823万,3.48%,0.31
2018-04-17,30.63,29.33,30.84,28.76,15912,1008万,6.79%,0.38
2018-04-18,29.28,29.54,30.01,28.92,18558,1154万,3.72%,0.45
2018-04-19,29.59,29.44,29.80,29.18,14150,881万,2.11%,0.34
2018-04-20,29.39,28.45,29.39,28.09,21451,1304万,4.41%,0.52
2018-04-23,28.45,27.98,28.50,27.83,11074,662万,2.37%,0.27
2018-04-24,28.09,28.76,29.13,27.98,12296,747万,4.08%,0.3
2018-04-25,28.82,28.56,28.97,28.24,7634,462万,2.53%,0.18
2018-04-26,28.40,28.24,29.13,28.24,14887,904万,3.09%,0.36
2018-04-27,28.30,29.70,31.36,28.24,48113,3063万,11.03%,1.16
2018-05-02,29.02,29.96,30.06,28.71,24155,1510万,4.55%,0.58
2018-05-03,29.80,29.85,30.01,28.97,24521,1532万,3.47%,0.59
2018-05-04,29.80,30.58,31.05,29.70,25319,1635万,4.52%,0.61
2018-05-07,30.27,30.79,31.15,30.27,16019,1034万,2.89%,0.38
2018-05-08,30.79,30.48,30.89,30.22,12208,785万,2.19%,0.29
2018-05-09,30.06,29.85,30.22,29.65,18359,1158万,1.87%,0.44
2018-05-10,29.70,29.96,30.27,29.65,14835,937万,2.09%,0.36
2018-05-11,30.11,29.49,30.22,29.49,9805,616万,2.43%,0.24
2018-05-14,29.33,28.92,29.44,28.82,9156,564万,2.11%,0.22
2018-05-15,28.87,29.07,29.23,28.76,8849,544万,1.62%,0.21
2018-05-16,28.97,29.28,29.54,28.97,9830,608万,1.96%,0.24
2018-05-17,29.07,30.32,32.03,29.02,34778,2239万,10.28%,0.84
2018-05-18,30.17,29.80,30.48,29.54,19126,1204万,3.08%,0.46
2018-05-21,30.06,29.96,30.06,29.59,10996,693万,1.57%,0.26
2018-05-22,29.96,29.59,30.06,29.18,20360,1271万,2.95%,0.49
2018-05-23,29.54,30.48,31.05,29.49,43497,2790万,5.26%,1.04
2018-05-24,30.37,30.06,30.48,29.91,17583,1119万,1.87%,0.42
2018-05-25,30.01,30.22,30.68,29.44,22880,1449万,4.15%,0.55
2018-05-28,29.91,29.49,30.48,29.39,13194,828万,3.61%,0.32
2018-05-29,29.49,29.07,29.65,29.02,12724,788万,2.11%,0.31
2018-05-30,28.87,27.93,28.87,27.88,15172,912万,3.39%,0.36
2018-05-31,27.98,28.30,28.45,27.98,11957,718万,1.67%,0.29
2018-06-01,28.76,28.45,29.23,28.35,19063,1161万,3.12%,0.46
2018-06-04,28.45,29.07,30.06,28.40,20886,1300万,5.84%,0.5
2018-06-05,28.92,29.07,29.49,28.87,8959,552万,2.14%,0.22
2018-06-06,29.02,29.02,29.28,28.82,5669,348万,1.61%,0.14
2018-06-07,29.18,29.13,29.33,28.92,9543,589万,1.43%,0.23
2018-06-08,28.97,28.35,29.13,28.30,10739,651万,2.85%,0.26
2018-06-11,28.61,28.40,28.61,28.19,4324,260万,1.47%,0.1
2018-06-12,28.14,28.19,28.40,27.78,11497,684万,2.19%,0.28
2018-06-13,28.19,27.36,28.19,27.26,8581,505万,3.32%,0.21
2018-06-14,27.31,27.36,28.87,27.15,10082,595万,6.26%,0.24
2018-06-15,27.41,26.53,28.04,26.27,15974,916万,6.45%,0.38
2018-06-19,26.69,23.57,27.10,23.57,79311,4156万,13.31%,1.91
2018-06-20,23.05,22.74,23.67,20.97,46837,2255万,11.46%,1.13
2018-06-21,22.43,22.06,22.90,21.96,22246,1081万,4.11%,0.53
2018-06-22,21.81,22.22,22.43,21.44,11909,573万,4.47%,0.29
2018-06-25,22.48,22.32,22.74,22.27,12540,614万,2.10%,0.3
2018-06-26,22.12,22.32,22.43,22.01,9419,457万,1.86%,0.23
2018-06-27,22.58,22.27,22.58,22.06,10875,528万,2.33%,0.26
2018-06-28,22.17,22.12,22.38,21.49,14071,677万,3.96%,0.34
2018-06-29,22.12,22.48,22.58,21.96,14394,701万,2.82%,0.35
2018-07-02,22.79,22.38,22.79,21.96,11859,578万,3.70%,0.28
2018-07-03,22.27,22.32,22.64,21.96,8818,428万,3.02%,0.21
2018-07-04,22.22,22.32,22.32,22.01,14515,699万,1.40%,0.35
2018-07-05,22.06,21.96,22.38,21.65,11438,548万,3.26%,0.27
2018-07-06,22.12,22.01,22.38,20.87,12774,608万,6.86%,0.31
2018-07-09,21.70,21.86,22.12,21.70,14637,700万,1.89%,0.35
2018-07-10,22.06,21.65,22.12,21.39,17028,805万,3.33%,0.41
2018-07-11,21.39,20.04,21.39,19.42,52739,2334万,9.11%,1.27
2018-07-12,20.09,20.25,20.51,19.73,29684,1324万,3.89%,0.71
2018-07-13,20.35,19.88,20.35,19.73,25818,1139万,3.08%,0.62
2018-07-16,19.94,19.68,20.04,19.57,14355,625万,2.35%,0.34
2018-07-17,19.73,19.62,19.94,19.52,14838,645万,2.11%,0.36
2018-07-18,19.83,19.57,20.09,19.52,54340,2376万,2.91%,1.31
2018-07-19,19.62,18.01,19.78,17.81,68984,2864万,10.08%,1.66
2018-07-20,17.86,18.12,18.22,17.18,76047,3006万,5.76%,1.83
2018-07-23,17.86,18.43,18.48,17.70,38887,1580万,4.30%,0.93
2018-07-24,18.53,18.85,18.95,18.43,40568,1692万,2.82%,0.97
2018-07-25,18.85,19.21,19.52,18.85,41045,1749万,3.58%,0.99
2018-07-26,19.26,21.44,21.44,19.26,68018,3126万,11.35%,1.63
2018-07-27,23.88,23.88,23.88,23.88,21548,1112万,0.00%,0.52
2018-07-30,25.49,24.09,26.58,24.04,347669,1.92亿,10.65%,8.35
2018-07-31,22.01,23.41,25.39,21.60,243487,1.24亿,15.73%,5.85
2018-08-01,22.12,24.04,24.82,21.55,228690,1.14亿,13.97%,5.49
2018-08-02,22.53,22.64,24.35,22.27,164072,8212万,8.64%,3.94
2018-08-03,22.06,21.55,23.10,21.55,101413,4923万,6.88%,2.44
2018-08-06,21.49,20.25,21.49,19.57,75837,3414万,8.92%,1.82
2018-08-07,20.61,20.56,20.82,19.73,54344,2448万,5.39%,1.31
2018-08-08,20.71,19.88,20.71,19.73,44690,1987万,4.80%,1.07
2018-08-09,19.68,20.14,20.56,19.68,45827,2047万,4.44%,1.1
2018-08-10,20.09,20.61,21.23,19.94,49937,2265万,6.44%,1.2
2018-08-13,20.14,20.40,20.46,19.52,50780,2238万,4.53%,1.22
2018-08-14,20.09,20.46,20.61,20.04,34798,1554万,2.80%,0.84
2018-08-15,20.82,22.79,22.79,20.71,102058,5003万,10.15%,2.45
2018-08-16,23.10,25.39,25.39,22.64,252865,1.32亿,12.07%,6.07
2018-08-17,26.17,25.18,28.19,23.67,308382,1.69亿,17.79%,7.41
2018-08-20,24.40,22.84,24.61,22.38,188187,9485万,8.87%,4.52
2018-08-21,22.95,23.00,23.83,22.32,132005,6662万,6.59%,3.17
2018-08-22,22.58,21.70,23.31,21.60,104829,5043万,7.45%,2.52
2018-08-23,21.65,21.81,21.96,21.39,58242,2761万,2.63%,1.4
2018-08-24,21.70,21.29,21.81,21.08,50854,2385万,3.33%,1.22
2018-08-27,21.18,23.73,23.73,21.18,102879,5071万,11.95%,2.47
2018-08-28,24.77,24.14,25.91,23.83,215683,1.15亿,8.75%,5.18
2018-08-29,24.25,23.99,25.02,23.83,95336,5035万,4.95%,2.29
2018-08-30,24.61,25.13,25.96,24.35,160605,8689万,6.71%,3.86
2018-08-31,24.82,23.88,24.87,22.32,113279,5816万,10.13%,2.72
2018-09-03,23.21,23.57,23.83,22.84,67327,3398万,4.13%,1.62
2018-09-04,23.99,24.04,24.30,23.31,69348,3562万,4.19%,1.67
2018-09-05,23.93,23.05,23.93,23.05,53918,2732万,3.67%,1.3
2018-09-06,23.05,22.69,23.36,22.53,50128,2487万,3.60%,1.2
2018-09-07,22.79,23.41,23.78,22.69,59336,2990万,4.81%,1.43
2018-09-10,23.36,22.69,23.36,22.64,35200,1755万,3.10%,0.85
2018-09-11,22.69,22.53,22.95,21.91,35576,1730万,4.58%,0.85
2018-09-12,22.43,22.79,22.84,22.12,22910,1125万,3.23%,0.55
2018-09-13,23.00,22.90,23.31,22.32,32278,1592万,4.33%,0.78
2018-09-14,22.74,23.41,25.39,22.32,59738,3030万,13.38%,1.44
2018-09-17,23.21,23.67,24.35,22.69,60560,3096万,7.10%,1.45
2018-09-18,23.57,24.51,25.18,23.26,77274,4036万,8.12%,1.86
2018-09-19,24.30,24.87,25.39,23.88,104349,5567万,6.14%,2.51
2018-09-20,24.92,24.66,25.54,24.45,77946,4187万,4.38%,1.87
2018-09-21,24.82,24.56,25.02,24.14,47072,2484万,3.58%,1.13
2018-09-25,24.30,24.30,24.45,23.88,29615,1539万,2.33%,0.71
2018-09-26,24.30,23.88,24.40,23.73,31833,1657万,2.78%,0.76
2018-09-27,23.99,23.62,24.35,23.00,56705,2886万,5.65%,1.36
2018-09-28,23.41,23.52,23.73,23.31,23270,1185万,1.76%,0.56
2018-10-08,22.95,22.58,23.31,22.48,26216,1300万,3.53%,0.63
2018-10-09,22.58,22.84,23.31,22.58,19106,951万,3.22%,0.46
2018-10-10,23.00,22.95,23.31,22.79,19432,970万,2.27%,0.47
2018-10-11,21.65,20.35,22.22,20.35,52393,2424万,8.15%,1.26
2018-10-12,20.04,19.83,20.71,18.22,39029,1680万,12.25%,0.94
2018-10-15,20.46,19.57,20.46,19.57,19711,873万,4.45%,0.47
2018-10-16,19.62,19.31,20.35,19.05,18623,808万,6.63%,0.45
2018-10-17,19.78,18.85,19.83,18.22,28882,1214万,8.33%,0.69
2018-10-18,18.59,17.76,18.95,17.76,24946,1007万,6.34%,0.6
2018-10-19,17.50,17.86,18.12,16.72,28874,1147万,7.90%,0.69
2018-10-22,18.38,19.31,19.47,18.38,48205,2033万,6.11%,1.16
2018-10-23,19.16,18.79,19.42,18.48,30046,1266万,4.84%,0.72
2018-10-24,18.85,20.46,20.97,18.64,59739,2653万,12.43%,1.44
2018-10-25,19.52,20.04,20.35,19.11,41774,1828万,6.09%,1
2018-10-26,20.20,19.73,20.66,19.62,25756,1141万,5.18%,0.62
2018-10-29,19.88,18.90,19.88,18.85,24472,1033万,5.26%,0.59
2018-10-30,18.85,19.16,19.52,18.53,22949,969万,5.22%,0.55
2018-10-31,19.78,19.88,20.71,19.16,32709,1438万,8.13%,0.79
2018-11-01,19.94,19.88,20.20,19.52,24358,1073万,3.39%,0.59
2018-11-02,20.09,20.61,20.82,19.94,43177,1944万,4.44%,1.04
2018-11-05,20.61,20.97,21.23,20.30,37501,1710万,4.53%,0.9
2018-11-06,20.77,20.56,20.87,20.25,29379,1327万,2.97%,0.71
2018-11-07,20.56,20.61,21.03,20.40,25713,1170万,3.03%,0.62
2018-11-08,20.77,20.92,21.65,20.61,41686,1927万,5.04%,1
2018-11-09,21.03,20.40,21.08,20.35,26197,1191万,3.47%,0.63
2018-11-12,20.40,21.44,21.49,20.35,44574,2069万,5.60%,1.07
2018-11-13,21.13,23.00,23.10,20.71,89759,4388万,11.14%,2.16
2018-11-14,22.79,22.38,23.21,22.12,59462,2914万,4.74%,1.43
2018-11-15,22.48,22.58,23.31,22.27,44211,2189万,4.64%,1.06
2018-11-16,22.84,22.74,23.05,22.27,28550,1408万,3.45%,0.69
2018-11-19,22.79,23.47,23.83,22.74,47322,2390万,4.80%,1.14
2018-11-20,23.05,22.01,23.26,21.91,59621,2908万,5.75%,1.43
2018-11-21,22.74,22.48,22.79,22.06,37013,1806万,3.30%,0.89
2018-11-22,22.38,22.69,22.79,22.12,32163,1575万,3.00%,0.77
2018-11-23,22.43,22.79,24.92,21.49,121754,6129万,15.11%,2.92
2018-11-26,22.32,22.01,22.38,20.97,77650,3654万,6.15%,1.87
2018-11-27,21.75,21.96,23.10,21.34,54806,2638万,8.02%,1.32
2018-11-28,21.75,21.44,21.81,20.97,40506,1892万,3.78%,0.97
2018-11-29,21.55,20.46,22.06,20.46,43638,2046万,7.51%,1.05
2018-11-30,20.51,20.46,20.71,20.04,27368,1228万,3.30%,0.66
2018-12-03,20.87,20.82,21.60,20.82,48705,2258万,3.81%,1.17
2018-12-04,20.97,20.92,21.18,20.66,40408,1850万,2.49%,0.97
2018-12-05,20.46,20.35,20.87,20.30,45551,2055万,2.73%,1.09
2018-12-06,20.30,19.78,20.51,19.78,38935,1724万,3.57%,0.94
2018-12-07,19.68,19.57,19.99,19.42,33881,1470万,2.89%,0.81
2018-12-10,19.47,18.74,19.47,18.64,42075,1766万,4.24%,1.01
2018-12-11,19.05,18.74,19.31,18.48,51631,2163万,4.43%,1.24
2018-12-12,18.48,19.62,19.94,18.48,66686,2856万,7.76%,1.6
2018-12-13,19.42,19.68,19.83,19.11,43059,1856万,3.70%,1.03
2018-12-14,19.47,18.85,19.62,18.85,30236,1287万,3.96%,0.73
2018-12-17,18.85,19.11,19.21,18.59,19517,822万,3.31%,0.47
